Date,Open,High,Low,Close
3-Oct-00,10709.84,10976.11,10561.03,10719.74
2-Oct-00,10659.06,10876.23,10479.27,10700.13
29-Sep-00,10821.40,10923.21,10552.15,10650.92
28-Sep-00,10629.84,10948,10539.48,10824.06
27-Sep-00,10634.45,10821.10,10439.31,10628.36
26-Sep-00,10806.30,10915.44,10499.61,10631.32
25-Sep-00,10847.37,11039.47,10664.24,10808.15
22-Sep-00,10678.30,10936.53,10505.16,10847.37
21-Sep-00,10680.50,10902.10,10548.10,10765.50
20-Sep-00,10794.50,10906.90,10500.40,10687.90
19-Sep-00,10812.20,10961,10645.40,10789.30
18-Sep-00,10926.40,11053.80,10693.80,10808.50
15-Sep-00,11087.80,11203.30,10857.70,10927
14-Sep-00,11189.60,11285.40,10986.50,11087.50
13-Sep-00,11225,11350.90,11020.10,11182.20
12-Sep-00,11197.70,11352,11015.70,11233.20
11-Sep-00,11219.50,11367.10,11043.10,11195.50
8-Sep-00,11261.70,11382,11059.70,11220.60
7-Sep-00,11316,11444.80,11124.80,11259.90
6-Sep-00,11253.60,11518.80,11186.20,11310.60
5-Sep-00,11221.80,11382.70,11094.50,11260.60
1-Sep-00,11219.50,11406.70,11130,11238.80
31-Aug-00,11105.20,11416,11040.90,11215.10
30-Aug-00,11209,11282.10,11034.60,11103
29-Aug-00,11249.30,11356.40,11100.80,11215.10
28-Aug-00,11194.50,11410.40,11123.40,11252.80
25-Aug-00,11180.50,11301.40,11073.60,11192.60
24-Aug-00,11143.90,11302.50,11009.10,11182.70
23-Aug-00,11130.50,11253.10,10990.40,11144.60
22-Aug-00,11082.20,11274.70,11000.30,11139.10
21-Aug-00,11058.90,11193.70,10945.40,11079.80
18-Aug-00,11051.20,11180.50,10933.30,11046.50
17-Aug-00,11011,11180.90,10899.20,11055.60
16-Aug-00,11068.80,11171,10888.60,11008.40
15-Aug-00,11175,11227.10,10965.50,11067
14-Aug-00,11027.10,11232.90,10928.90,11176.10
11-Aug-00,10906,11131.80,10841.40,11027.80
10-Aug-00,10901.10,11069.90,10779.50,10908.80
9-Aug-00,10970.90,11097,10780,10905.80
8-Aug-00,10865.10,11083.10,10741.40,10976.90
7-Aug-00,10774,10973.20,10657.50,10867
4-Aug-00,10713.40,10874,10555.70,10767.80
3-Aug-00,10679.40,10844.30,10518.70,10706.60
2-Aug-00,10609.10,10818.70,10514.30,10687.50
1-Aug-00,10523.80,10728.90,10428.60,10607
31-Jul-00,10514.30,10727.10,10374,10522
28-Jul-00,10595,10732.10,10367.30,10511.20
27-Jul-00,10516.80,10745.90,10450,10586.10
26-Jul-00,10689.40,10790.10,10447.20,10516.50
25-Jul-00,10689.30,10867.20,10557.50,10700
24-Jul-00,10731.40,10895.80,10545.50,10685.10
21-Jul-00,10843.50,10949.60,10614.10,10733.60
20-Jul-00,10700.70,10980.30,10671.30,10843.90
19-Jul-00,10724.10,10907.10,10587.90,10696.10
18-Jul-00,10799.20,10895.60,10613,10739.90
17-Jul-00,10812.40,10969.40,10653.30,10804.30
14-Jul-00,10793.30,10935.40,10661.40,10812.80
13-Jul-00,10774.90,10963,10643.40,10788.70
12-Jul-00,10722.20,10930.80,10639.50,10783.80
11-Jul-00,10649.10,10877.50,10544.80,10727.20
10-Jul-00,10627.10,10792.20,10520,10646.60
7-Jul-00,10483.30,10742,10419.20,10636
6-Jul-00,10481.50,10644.10,10303.30,10481.50
5-Jul-00,10538.20,10674.20,10362.30,10483.60
3-Jul-00,10450.40,10610.50,10353.70,10560.70
30-Jun-00,10393.10,10626.80,10161.50,10447.90
29-Jun-00,10523.90,10582.90,10279.20,10398
28-Jun-00,10506.40,10712.70,10399.10,10527.80
27-Jun-00,10541.60,10741.70,10384.60,10504.50
26-Jun-00,10403.70,10680.30,10365.10,10543
23-Jun-00,10376.50,10555.40,10283.10,10404.80
22-Jun-00,10496,10596.70,10257,10376.10
21-Jun-00,10446.80,10607.70,10312.50,10497.70
20-Jun-00,10558.90,10632.10,10318.80,10435.20
19-Jun-00,10448.40,10733.60,10322,10557.80
16-Jun-00,10717.80,10784.50,10393.40,10449.30
15-Jun-00,10689.60,10889.50,10552.90,10714.80
14-Jun-00,10632.50,10860.80,10543,10688
13-Jun-00,10562.30,10751.90,10395.60,10621.80
12-Jun-00,10615.10,10757.60,10476.90,10564.20
9-Jun-00,10678.50,10848.40,10515.50,10614.10
8-Jun-00,10818.80,10887.70,10524.90,10668.70
7-Jun-00,10733.50,10974.10,10588.60,10812.90
6-Jun-00,10822.60,10917,10592.80,10735.60
5-Jun-00,10793.10,10951.80,10629,10815.30
2-Jun-00,10660.10,11013,10600.50,10794.80
1-Jun-00,10532.30,10780.40,10423,10652.20
31-May-00,10528.30,10692.70,10377.40,10522.30
30-May-00,10302.30,10596,10287.90,10527.10
26-May-00,10322.90,10487.70,10163.20,10299.20
25-May-00,10529.90,10644.30,10207.40,10323.90
24-May-00,10420.90,10679.50,10241,10535.40
23-May-00,10539.10,10671.70,10325.60,10422.30
22-May-00,10624.80,10718,10308.10,10542.50
19-May-00,10764.20,10821.80,10468.20,10626.90
18-May-00,10771.80,10938.30,10669,10777.30
17-May-00,10930.60,10947.20,10648.80,10769.70
16-May-00,10816,11086.70,10723.50,10934.60
15-May-00,10607,10902.40,10509.30,10807.80
12-May-00,10549.10,10780.40,10444.50,10609.40
11-May-00,10369.30,10676.90,10315.70,10546
10-May-00,10533.10,10650,10169.80,10367.80
9-May-00,10607.50,10765.80,10436,10536.80
8-May-00,10571.30,10744.20,10400.40,10603.60
5-May-00,10409.70,10688.60,10312.90,10577.90
4-May-00,10478.90,10631.50,10293,10412.50
3-May-00,10732.20,10754.40,10345.20,10480.10
2-May-00,10805.60,10932.50,10580.60,10731.10
1-May-00,10749.40,11001.30,10622.20,10811.80
28-Apr-00,10892.80,11005.10,10632.50,10733.90
27-Apr-00,10941.90,11024.60,10650.10,10888.10
26-Apr-00,11127.90,11246.80,10816.40,10945.50
25-Apr-00,10916.60,11265.70,10764.60,11124.80
24-Apr-00,10822.30,11060.30,10579.10,10906.10
20-Apr-00,10668.20,10941.50,10582.50,10844
19-Apr-00,10749,10909.20,10503.40,10675
18-Apr-00,10584,10941.80,10424.90,10767.40
17-Apr-00,10303.30,10721.50,10128.60,10582.50
14-Apr-00,10922.90,10922.90,10173.90,10305.80
13-Apr-00,11132.60,11290.80,10806.50,10923.50
12-Apr-00,11283,11600.40,11026.50,11125.10
11-Apr-00,11181,11459.60,11024.20,11287.10
10-Apr-00,11114.90,11404.40,10955.40,11186.60
7-Apr-00,11122,11317.80,10932.80,11111.50
6-Apr-00,11029.60,11303.80,10921.10,11114.30
5-Apr-00,11163.30,11326.80,10894,11033.90
4-Apr-00,11225.30,11531.20,10682.70,11164.80
3-Apr-00,10863.30,11344.20,10821.70,11221.90
31-Mar-00,10993.30,11244.60,10801.20,10921.90
30-Mar-00,11008.20,11258.20,10796.60,10980.20
29-Mar-00,10939,11214.50,10792.20,11018.70
28-Mar-00,11023.70,11192.80,10804.60,10936.10
27-Mar-00,11093.20,11275,10881.90,11025.90
24-Mar-00,11107.50,11311.30,10901.40,11112.70
23-Mar-00,10884.40,11224.70,10737.60,11119.90
22-Mar-00,10917,11054.70,10671.90,10866.70
21-Mar-00,10680.20,11012.20,10515.50,10907.30
20-Mar-00,10594.80,10866.10,10456.90,10680.20
17-Mar-00,10630,10849.30,10399.10,10595.20
16-Mar-00,10139.60,10716.20,10139.60,10630.60
15-Mar-00,9808.15,10294.60,9676.90,10131.40
14-Mar-00,9957.67,10149.40,9747.33,9811.24
13-Mar-00,9911.22,10111.20,9670.07,9947.13
10-Mar-00,10008.50,10211.80,9792.93,9928.82
9-Mar-00,9855.29,10097.30,9667.28,10010.70
8-Mar-00,9800.69,10037.40,9611.75,9856.53
7-Mar-00,10197.60,10208.70,9651.77,9796.03
6-Mar-00,10359,10518.90,10038.60,10170.50
3-Mar-00,10171.10,10581.90,10148.20,10367.20
2-Mar-00,10135.40,10361.60,9986.53,10164.90
1-Mar-00,10128.10,10355.70,9935.96,10137.90
29-Feb-00,10039.60,10332.10,9926.65,10128.30
28-Feb-00,9854.66,10228.50,9760.36,10038.60
25-Feb-00,10090.80,10196,9767.80,9862.12
24-Feb-00,10242.50,10321.90,9877.94,10092.60
23-Feb-00,10294.80,10443.20,10077.70,10225.70
22-Feb-00,10219.80,10446.60,10011.70,10304.80
18-Feb-00,10514.60,10562.30,10129.20,10219.50
17-Feb-00,10565.80,10768.70,10348.70,10514.60
16-Feb-00,10711.80,10831.60,10468.60,10561.40
15-Feb-00,10520.10,10821.10,10377.40,10718.10
14-Feb-00,10431.60,10675,10327.60,10519.80
11-Feb-00,10638.60,10763.40,10301.10,10425.20
10-Feb-00,10697.90,10853.70,10491.30,10643.60
9-Feb-00,10948.80,11016.50,10648,10699.20
8-Feb-00,10904.30,11139.40,10826.70,10957.60
7-Feb-00,10966,11097.50,10732.70,10905.80
4-Feb-00,11014.40,11200.80,10847.50,10963.80
3-Feb-00,11010.50,11208,10799.70,11013.40
2-Feb-00,11037.60,11228.40,10876,11003.20
1-Feb-00,10937.70,11187.20,10798.40,11041
31-Jan-00,10735.80,11059.70,10610.40,10940.50
28-Jan-00,11024.90,11115.20,10649.20,10738.90
27-Jan-00,11035.50,11274.40,10818.30,11028
26-Jan-00,11025.90,11280.90,10870.70,11033
25-Jan-00,11011,11228.80,10779.80,11029.90
24-Jan-00,11251.90,11501.10,10849,11008.20
21-Jan-00,11356.30,11513.90,11113.60,11251.70
20-Jan-00,11490.30,11654.70,11194.30,11351.30
19-Jan-00,11535.20,11710.60,11320.30,11489.40
18-Jan-00,11719.20,11834.70,11397.20,11560.70
14-Jan-00,11619.40,11908.50,11506.40,11723
13-Jan-00,11558.20,11761.10,11421.40,11582.40
12-Jan-00,11506.70,11751.80,11385.70,11551.10
11-Jan-00,11568.50,11748.10,11398.30,11511.10
10-Jan-00,11532.50,11765.20,11427,11572.20
7-Jan-00,11247.10,11655.60,11168.30,11522.60
6-Jan-00,11113.40,11447.80,10963.20,11253.30
5-Jan-00,10989.40,11337.60,10862.70,11122.60
4-Jan-00,11349.80,11358.40,10907,10997.90
3-Jan-00,11501.90,11641.10,11181,11357.50
31-Dec-99,11453.50,11598.30,11368,11497.10
30-Dec-99,11484.40,11640.30,11388.90,11452.90
29-Dec-99,11472.90,11658.70,11367.50,11484.70
28-Dec-99,11389.20,11613.70,11302.10,11476.70
27-Dec-99,11410.60,11603,11253.10,11391.10
23-Dec-99,11202.10,11506.40,11202.10,11405.80
22-Dec-99,11199.50,11375.20,11075.80,11203.60
21-Dec-99,11142.40,11336,10973.60,11200.50
20-Dec-99,11254.50,11417.40,11026.20,11144.30
17-Dec-99,11259.30,11497.20,11103.60,11257.40
16-Dec-99,11224.40,11396.90,11016.10,11244.90
15-Dec-99,11158.80,11400.50,11014.60,11225.30
14-Dec-99,11195.30,11338.20,11011.50,11160.20
13-Dec-99,11217.50,11379.50,11024.40,11192.60
10-Dec-99,11137.90,11358.70,11042.10,11224.70
9-Dec-99,11073.60,11327.50,10962.60,11134.80
8-Dec-99,11107.30,11273.30,10957.40,11068.10
7-Dec-99,11221.60,11351.30,10993.50,11106.60
6-Dec-99,11286.80,11412.80,11100.50,11225
3-Dec-99,11046.10,11423.50,11114.50,11286.20
2-Dec-99,10995,11183.70,10896.20,11039.10
1-Dec-99,10876.50,11111.20,10798.10,10998.40
30-Nov-99,10945.50,11142.10,10785.20,10877.80
29-Nov-99,10985.70,11059.20,10813.40,10947.90
26-Nov-99,11007.30,11115.80,10938.40,10988.90
24-Nov-99,11000.20,11131.10,11000.20,11008.20
23-Nov-99,11090.30,11178.80,10899.30,10995.60
22-Nov-99,11008.80,11195.30,10887.70,11089.50
19-Nov-99,11033.20,11146.40,10871.80,11003.90
18-Nov-99,10887.70,11156.80,10859.90,11035.70
17-Nov-99,10929,11040.90,10774.20,10883.10
16-Nov-99,10762.90,10992.90,10691.90,10932.30
15-Nov-99,10764.70,10899.20,10626.80,10760.80
12-Nov-99,10593.50,10845.20,10513,10769.30
11-Nov-99,10603.20,10716.70,10485.20,10595.30
10-Nov-99,10611.90,10713,10449.40,10597.70
9-Nov-99,10715.10,10806,10506.60,10617.30
8-Nov-99,10668.40,10838.70,10546.70,10718.90
5-Nov-99,10640,10885.50,10636.60,10704.50
4-Nov-99,10612.40,10818,10523.40,10639.60
3-Nov-99,10582.50,10759.20,10485.50,10609.10
2-Nov-99,10653.70,10816.10,10508.10,10581.80
1-Nov-99,10730.80,10829,10568.10,10648.50
29-Oct-99,10629.20,10883.10,10580.10,10729.90
28-Oct-99,10397.70,10726.70,10397.70,10622.50
27-Oct-99,10302.80,10515.20,10172.30,10394.90
26-Oct-99,10350.90,10486.40,10208.70,10302.10
25-Oct-99,10469,10518.40,10225.80,10349.90
22-Oct-99,10581.70,10581.70,10301.20,10470.20
21-Oct-99,10390.70,10414.50,10047.60,10297.70
20-Oct-99,10203.30,10485.10,10144.50,10392.40
19-Oct-99,10117.50,10418,10093.80,10204.90
18-Oct-99,10018.50,10221.10,9884.20,10116.30
15-Oct-99,10286.60,10286.60,9911.43,10019.70
14-Oct-99,10230.90,10416.70,10071.60,10286.60
13-Oct-99,10412.30,10495.90,10173.60,10232.20
12-Oct-99,10648.80,10659.60,10366.10,10417.10
11-Oct-99,10649.80,10781.20,10545.60,10648.20
8-Oct-99,10534.50,10743.50,10423.70,10649.80
7-Oct-99,10588.30,10687.10,10431,10537
6-Oct-99,10399.80,10655.50,10340.80,10588.30
5-Oct-99,10401.20,10578.20,10250.20,10400.60
4-Oct-99,10274.60,10538.30,10220.40,10401.20
1-Oct-99,10335.70,10425.90,10108,10273
30-Sep-99,10214.10,10456.30,10155.90,10337
29-Sep-99,10274.30,10408.50,10119.80,10213.50
28-Sep-99,10300.50,10386,10055.20,10275.50
27-Sep-99,10279.30,10498.70,10201.80,10303.40
24-Sep-99,10311.90,10428.10,10128.60,10279.30
23-Sep-99,10524.10,10643.80,10260.30,10318.60
22-Sep-99,10599.40,10688.40,10407.60,10524.10
21-Sep-99,10823,10823,10517.10,10598.50
20-Sep-99,10801.90,10918.90,10715.90,10823.90
17-Sep-99,10745.40,10946.70,10690.60,10803.60
16-Sep-99,10795.80,10876.50,10592.50,10737.50
15-Sep-99,10910.40,11050,10757.40,10801.40
14-Sep-99,11028.70,11061,10815.70,10910.30
13-Sep-99,11027.40,11146.50,10886.90,11030.30
10-Sep-99,11087,11218.40,10965.70,11028.40
9-Sep-99,11031.30,11172.20,10900.80,11079.40
8-Sep-99,11034.10,11164.90,10898.60,11036.30
7-Sep-99,11079.10,11191.80,10910.60,11034.10
3-Sep-99,10922.40,11155.70,10922.40,11078.50
2-Sep-99,10924,10924,10669.70,10843.20
1-Sep-99,10828.40,11013.50,10784.30,10937.90
31-Aug-99,10909.70,11079.10,10725.40,10829.30
30-Aug-99,11087.70,11176.60,10869.80,10914.10
27-Aug-99,11198.50,11295.30,11021.10,11090.20
26-Aug-99,11326,11393.50,11133.90,11198.50
25-Aug-99,11282.40,11428.90,11106.30,11326
24-Aug-99,11297.50,11404.90,11135.80,11283.30
23-Aug-99,11099.70,11344.10,11088,11299.80
20-Aug-99,10963.80,11155.10,10916.40,11100.60
19-Aug-99,10988.90,11037.30,10809.60,10963.80
18-Aug-99,11109.70,11153.50,10913.50,10991.40
17-Aug-99,11049.60,11180.10,10963.50,11117.10
16-Aug-99,10980.10,11105,10854,11046.80
13-Aug-99,10822,11049.60,10822,10973.60
12-Aug-99,10785.60,10967.60,10688.10,10789.40
11-Aug-99,10650.60,10879,10596.30,10787.80
10-Aug-99,10704.20,10812.80,10487.30,10655.10
9-Aug-99,10714,10854.60,10571.60,10707.70
6-Aug-99,10792.60,10896.10,10584.50,10714
5-Aug-99,10675.40,10876.80,10509.20,10793.80
4-Aug-99,10675.70,10901.80,10585.20,10674.80
3-Aug-99,10646,10812.80,10538,10677.30
2-Aug-99,10655.10,10849.20,10551.30,10646
30-Jul-99,10791.30,10825.80,10647.90,10655.10
29-Jul-99,10971.40,10971.40,10714,10791.30
28-Jul-99,10979,11024,10925.90,10972.10
27-Jul-99,10863.20,11031.30,10862.80,10979
26-Jul-99,10911,10929.30,10831.80,10863.20
23-Jul-99,10979.70,11069.60,10813.80,10911
22-Jul-99,11002.80,11140.50,10796.70,10969.20
21-Jul-99,10998.90,11142.70,10865.70,11002.80
20-Jul-99,11130.10,11245.60,10914.10,10996.10
19-Jul-99,11209.80,11321.60,11069.90,11187.70
16-Jul-99,11188.60,11300.10,11069.30,11209.80
15-Jul-99,11200,11313.40,11072.80,11186.40
14-Jul-99,11202.20,11290,11051.90,11148.10
13-Jul-99,11106.30,11277.60,11013.50,11175
12-Jul-99,11234.20,11314.60,11088,11201
9-Jul-99,11142.70,11284.20,11050.60,11193.70
8-Jul-99,11118.70,11290.60,10985.70,11126.90
7-Jul-99,11129.70,11268.40,11008.20,11187.40
6-Jul-99,11119.90,11291.20,11021.80,11135.10
2-Jul-99,11089.50,11205.40,10995.50,11139.20
1-Jul-99,10972.40,11156.60,10841.60,11066.40
30-Jun-99,10805.20,11120.20,10657.40,10970.80
29-Jun-99,10673.80,10855.60,10589.60,10815.40
28-Jun-99,10633.90,10792.20,10535.10,10655.10
25-Jun-99,10586.40,10719.40,10477.20,10552.60
24-Jun-99,10620.30,10736.80,10404.10,10534.80
23-Jun-99,10702.30,10791.30,10542.80,10666.90
22-Jun-99,10768.50,10879.90,10639.60,10721.60
21-Jun-99,10865.10,10960.40,10684.90,10816
18-Jun-99,10885,10978.10,10751.40,10855.60
17-Jun-99,10732.70,10936.60,10642.80,10841.60
16-Jun-99,10709.90,10883.70,10608.90,10785
15-Jun-99,10612.10,10740,10500,10595
14-Jun-99,10490.80,10691.20,10414.50,10563.30
11-Jun-99,10619.70,10744.10,10387,10490.50
10-Jun-99,10621.60,10736.20,10452.50,10621.30
9-Jun-99,10780.80,10871.40,10602.60,10690.30
8-Jun-99,10878.40,10954.70,10671.90,10765.60
7-Jun-99,10805.20,11016.40,10718.50,10909.40
4-Jun-99,10702.60,10892.60,10558.30,10799.80
3-Jun-99,10629.20,10767.90,10515.50,10663.70
2-Jun-99,10591.80,10694.10,10388.20,10577.90
1-Jun-99,10549.10,10717.20,10334.40,10596.30
28-May-99,10489.60,10690.10,10389.90,10559.70
27-May-99,10643,10734.20,10373,10466.90
26-May-99,10580.90,10818.10,10416.10,10702.20
25-May-99,10651.70,10819,10494.50,10531.10
24-May-99,10829.90,10924.30,10568.90,10654.70
21-May-99,10879.10,10974.70,10728.10,10829.30
20-May-99,10892.40,11020.70,10773.80,10866.70
19-May-99,10836.70,10988.90,10722.80,10887.40
18-May-99,10895.90,11017.80,10678.90,10837
17-May-99,10864.40,10976.30,10677.60,10853.50
14-May-99,10950.30,11076.50,10787,10913.30
13-May-99,11087.70,11244.40,10931.40,11107.20
12-May-99,11002.40,11146.70,10759.50,11000.40
11-May-99,11059.60,11185.10,10882.10,11026.10
10-May-99,11029.20,11173,10876.40,11007.20
7-May-99,10967.20,11135.50,10838.30,11031.60
6-May-99,10909,11093.40,10730.30,10946.80
5-May-99,10902.70,11055.40,10711.20,10955.40
4-May-99,11012.10,11140.10,10787.30,10886.10
3-May-99,10788.80,11083.10,10701.10,11014.70
30-Apr-99,10933.90,11072.30,10603.80,10789
29-Apr-99,10864.60,11052.50,10710,10878.40
28-Apr-99,10806.20,11050.80,10665.90,10845.50
27-Apr-99,10781.90,10977.50,10647.30,10831.70
26-Apr-99,10721.20,10854.30,10540.50,10718.60
23-Apr-99,10646.70,10858.30,10530.50,10689.70
22-Apr-99,10735.80,10896.40,10517.90,10727.20
21-Apr-99,10462.60,10702.60,10309.10,10581.40
20-Apr-99,10440.50,10610.10,10212.90,10448.60
19-Apr-99,10566.10,10879.80,10284.40,10440.50
16-Apr-99,10497.30,10632.90,10299.60,10493.90
15-Apr-99,10411.70,10673.90,10201.30,10462.70
14-Apr-99,10436.90,10692.50,10196.90,10411.70
13-Apr-99,10340.60,10512.10,10239.30,10395
12-Apr-99,10094.20,10384.50,10042,10339.50
9-Apr-99,10166.60,10298.70,10035.10,10173.80
8-Apr-99,10083.90,10282.60,9980.70,10197.70
7-Apr-99,10023.40,10166.60,9860,10085.30
6-Apr-99,9985.70,10097.30,9862.50,9963.50
5-Apr-99,9893.80,10080.90,9826.40,10007.30
1-Apr-99,9825.30,9927.70,9707.90,9832.50
31-Mar-99,9968.20,10025.10,9744.80,9786.20
30-Mar-99,10003.80,10035.40,9812.50,9913.30
29-Mar-99,9879.40,10089.50,9837.80,10006.80
26-Mar-99,9795.90,9923.50,9700.70,9822.20
25-Mar-99,9735.70,9916.60,9666.30,9836.40
24-Mar-99,9702.10,9803.10,9547.20,9666.80
23-Mar-99,9846.70,9897.70,9593.90,9671.80
22-Mar-99,9901.90,10006,9797,9890.50
19-Mar-99,10107.80,10158.60,9856.40,9903.60
18-Mar-99,9958.60,10060.60,9776.20,9997.60
17-Mar-99,9939.90,10024.50,9792.60,9879.40
16-Mar-99,9969.30,10062.80,9857.50,9930.50
15-Mar-99,9880.20,10027.60,9807.50,9958.80
12-Mar-99,9927.10,10042.60,9779.80,9876.40
11-Mar-99,9815.90,9992.40,9742.30,9897.40
10-Mar-99,9735.10,9849.70,9624.90,9772.80
9-Mar-99,9703.50,9856.70,9586.10,9693.80
8-Mar-99,9728.70,9825,9616.30,9727.60
5-Mar-99,9636.70,9799.90,9558.40,9736.10
4-Mar-99,9339.20,9550,9272.10,9467.40
3-Mar-99,9311.70,9397.90,9163.40,9275.90
2-Mar-99,9382.10,9494.60,9216.70,9297.60
1-Mar-99,9315.30,9419.30,9167.80,9324.80
26-Feb-99,9382.60,9459.50,9177.50,9306.60
25-Feb-99,9395.70,9446.30,9200.30,9366.30
24-Feb-99,9547.90,9662.80,9357.80,9399.70
23-Feb-99,9549.20,9659.60,9425.30,9544.40
22-Feb-99,9346.60,9596.10,9289,9552.70
19-Feb-99,9284.50,9430.60,9218.10,9340
18-Feb-99,9239.70,9368.50,9145.10,9298.60
17-Feb-99,9240.80,9409.50,9124,9195.50
16-Feb-99,9333.30,9458.50,9187.10,9297
12-Feb-99,9346.50,9437.40,9161.40,9274.90
11-Feb-99,9176.30,9423.20,9088.50,9363.50
10-Feb-99,9135.90,9267.70,9025.40,9177.30
9-Feb-99,9268.50,9361.90,9076.10,9133
8-Feb-99,9318.70,9427.80,9149,9291.10
5-Feb-99,9317.10,9457.40,9141.30,9304.20
4-Feb-99,9389.70,9511.50,9178.60,9304.50
3-Feb-99,9275.40,9454.10,9176.80,9366.80
2-Feb-99,9318.40,9394.10,9146.20,9274.10
1-Feb-99,9405.40,9513.10,9266.90,9345.70
29-Jan-99,9317.40,9457.20,9172.20,9358.80
28-Jan-99,9220.60,9384.80,9134.60,9281.30
27-Jan-99,9378.70,9461,9135.90,9200.20
26-Jan-99,9210.80,9408.80,9118.40,9324.60
25-Jan-99,9117.60,9273.10,8994.30,9203.30
22-Jan-99,9149.50,9289.30,8998.90,9120.70
21-Jan-99,9372,9479.80,9150.30,9264.10
20-Jan-99,9395.60,9555,9230.40,9335.90
19-Jan-99,9408.50,9499.10,9165.70,9355.20
15-Jan-99,9200.70,9381.70,9124,9340.60
14-Jan-99,9315.10,9380.20,9052.40,9120.90
13-Jan-99,9213.60,9485.20,9134.10,9349.60
12-Jan-99,9599.60,9680.40,9394.90,9474.70
11-Jan-99,9614,9751.50,9446.40,9619.90
8-Jan-99,9612.20,9759.40,9447.90,9643.30
7-Jan-99,9445.30,9616.30,9369.10,9537.80
6-Jan-99,9399.30,9608.10,9331,9545
5-Jan-99,9201,9389.50,9137.70,9311.20
4-Jan-99,9212.80,9393.80,9089,9184.30
