"y1970" "y2000"
89700 359100
118400 504500
116400 477300
122000 500400
91500 433900
102800 464800
71700 395300
71400 340700
68200 297400
71900 198600
65100 225800
59700 231500
65200 241200
52500 178500
60000 163500
66300 187500
75100 187100
58000 142000
70700 245100
53400 145500
67100 206000
42000 124400
164400 609800
104100 445500
98900 414300
72600 386400
75700 328800
68000 363700
79900 332900
80400 400600
88100 283100
78500 273500
74000 301500
66200 249500
78600 261900
74100 236500
109100 514100
79900 222200
79200 208500
59100 223000
82300 204900
82700 202100
59900 183600
64700 191600
57200 160100
51000 146500
66300 158200
58400 184100
48400 149800
49100 135600
43300 133500
42800 133500
41300 110000
43600 115000
25500 64100
94000 526900
117800 486600
112700 522200
97500 482200
91300 472200
94500 443000
84500 377100
72700 363700
80700 358600
80200 312400
69300 316400
69200 304900
73300 333000
61600 299700
80900 300300
67300 293900
63700 284400
73300 311900
59000 276900
69600 266600
69200 247000
62600 255600
56900 194800
47800 213000
73200 214800
57000 214400
59000 172100
71700 218000
68400 147900
55600 164300
65700 153600
58600 144900
66800 148900
47100 144400
50200 150900
43400 127100
53600 120600
55400 136000
43900 123200
38900 115900
30400 77400
24200 51600
139400 622400
135500 578400
121300 601000
115600 542600
102300 478100
106000 443800
81500 356000
90900 421200
100600 411700
82200 348800
99800 437300
80700 339100
97000 352100
75000 313000
73900 335300
85900 344900
78300 321200
67500 298900
69000 296800
84500 318300
78300 320300
74700 299800
84000 339500
83300 337600
76500 304300
77000 303900
75400 325600
68600 293700
61400 246600
68500 290100
73200 263900
52400 260200
92100 290200
74200 248200
74900 246800
59500 236300
67100 239200
111000 354400
65600 218100
73000 205100
54600 172200
62800 237500
62000 184100
59800 187300
63900 198900
55400 178800
54800 164500
61500 168400
50600 152200
57000 157600
48700 154000
60200 161400
47400 149400
51900 159400
55700 147100
49500 154000
50000 155200
55100 142000
63100 161500
50100 145800
42400 126200
52600 167500
28000 75700
121700 581400
106100 515000
112300 556600
124800 553900
77000 436200
154400 610500
101100 483200
91000 431100
127900 446500
74500 366000
88800 415000
77400 357900
86800 373300
91000 383200
78700 362200
81200 357300
98000 374000
78400 355100
81100 327800
88200 352500
71700 339400
90800 331600
70500 331700
67900 289100
72700 297500
73200 306900
72100 287800
73000 307800
76400 303500
67100 292200
67800 262600
82600 293000
61500 264800
68600 268800
72100 254900
73900 251400
65500 251800
68300 211400
66200 249600
61700 169200
92600 205500
60000 177400
55900 176100
61900 159000
64800 171500
75200 184200
57900 167300
69000 197100
40000 156400
47100 146300
44000 130200
52900 138500
43200 140600
52900 132100
50400 153000
37500 105100
39000 97000
49100 139500
30400 80900
161500 1085000
140500 682800
101300 520500
135800 561100
161500 639600
113200 507200
123800 469700
97700 430300
83700 448400
98100 431200
94700 376100
82000 435200
124400 440300
76100 385500
69900 344700
90700 381100
81800 337100
92000 345900
66600 296700
62900 306100
65500 295300
69200 292000
81700 286000
76600 285400
73500 275400
74200 298000
78700 281100
75700 266200
86200 260800
73200 276300
78900 305800
65600 238700
59600 273100
59900 240500
63800 195500
66200 178800
69600 189200
63400 170800
64900 185000
53500 185100
61200 159700
50800 152300
67400 183900
60600 162000
54300 133000
53900 120000
39700 109900
48000 162200
25200 56500
19000 48900
101900 506000
96700 435300
110000 412000
110000 575500
93100 599300
75400 332900
66100 298300
67900 297500
79100 317500
64100 297300
68600 292600
72800 286700
75200 294400
81700 327400
81700 251300
74200 203600
57400 197100
67800 296900
59800 173800
60600 167400
60100 184700
61000 207900
59500 153900
58100 152200
55900 152400
44100 153900
49400 155100
57600 140200
91600 467300
134500 577400
163200 581500
88200 471000
1e+05 407700
74900 348400
74700 344500
80500 336700
80100 338100
75500 324600
75300 308700
79400 325600
65400 335900
66900 310200
98300 308300
67300 288700
96900 288600
63500 279600
64600 275300
63200 217000
78300 248500
59600 293200
61900 224700
57000 214200
74000 194700
78900 209500
62000 186800
46800 159300
69500 208400
62500 242700
66900 147400
45100 140300
47600 134600
48100 149500
28500 84800
26700 68600
19200 162400
61400 173700
104900 613300
113300 624500
119600 501600
92400 440500
106200 405300
79300 512000
96600 386100
74200 320400
67400 307900
72600 312800
77900 293200
70300 295100
84600 276800
72200 216600
61200 233000
56900 222100
61400 198400
63400 171100
69100 167900
56200 157400
56700 140500
54300 148700
62200 164400
47600 127400
52000 131600
49100 135100
41800 122600
50400 122800
43100 115000
35200 113100
34500 76700
34500 84800
24400 50100
100700 453400
116500 487000
77400 324700
75600 306000
72900 329200
66100 324100
69100 306000
75100 228100
67400 262400
62300 226400
64400 294900
52500 174500
72200 174400
65800 153700
46700 157300
53000 148600
37000 105200
30400 75900
91000 481600
108900 481000
71200 336300
83900 357900
112000 537200
81000 332100
70900 306600
72700 307400
77900 337100
84800 263600
76800 300400
63500 234300
66600 187300
66500 153500
47900 145100
48600 142800
45800 153500
30900 81700
28000 75700
79500 355100
91000 255800
94800 240700
60300 164500
74600 188600
58700 136500
46700 145400
97000 520200
76800 335700
72400 342600
86000 354500
72500 336700
89300 344800
87800 329200
76000 339000
93200 338000
71900 298900
65000 328900
94700 277200
67000 305700
71300 272300
87000 244100
59200 241900
69000 237800
55300 212700
59700 207400
73400 192100
75000 211800
47500 153500
69600 177000
55300 159900
55000 143700
49100 147200
49100 144700
55500 139000
54700 126500
44200 111400
45800 111200
31500 71200
24400 51800
14900 38200
92400 516500
102100 441700
87300 480300
70900 299800
76700 247300
66600 287200
66900 272000
67200 270300
72700 295400
60200 244600
75700 324800
67300 215800
63800 190500
62500 169100
57900 174100
50300 164300
70300 185300
53800 166800
50300 153700
55000 137400
49300 148800
52700 161900
58700 174000
58200 140300
51500 158500
48300 130100
58900 165000
44800 111400
30600 95100
31100 94600
106100 489100
97400 418000
112900 440800
70800 396500
76500 336400
66600 323300
61800 325400
73600 297100
62600 266000
76100 299200
92800 246500
67400 238300
62600 274400
76400 254800
44300 205700
58900 208200
64500 221400
81300 251800
71100 196800
69700 201200
63900 212900
61300 184700
61400 163900
71100 173900
51600 155800
65700 215500
50900 160500
73100 179900
41800 129200
59300 153000
52000 155400
50500 132700
63700 123900
43400 120400
45900 115900
32600 99800
46800 133400
30900 79900
31100 80300
135200 620500
115500 583500
100800 482600
131200 517600
90400 430700
102000 442500
98600 391200
80200 418300
75300 368200
87100 350800
80100 372700
77100 346000
82100 344600
67800 325200
69000 301500
75600 308100
66100 286400
71600 282700
68900 299100
78800 293700
66800 293200
102700 298700
72600 305300
66200 284700
60800 242700
68000 278300
71500 238200
67000 215000
68100 289100
84400 317500
75600 230900
67900 197200
76000 227300
78500 196900
60700 236500
61700 189300
68800 205200
68300 194600
62200 267700
64000 201600
74300 179200
65600 178600
69200 277200
84700 341400
48900 160400
49300 149500
51600 158500
49000 150600
52000 138400
48200 140200
56600 171800
45800 153800
61100 170100
53400 151200
46700 142500
56500 144200
52600 147300
53000 146200
45700 120400
71000 302300
28500 84800
30000 89200
24000 54100
143900 681400
140700 642900
108600 560600
97600 484700
95800 491700
101900 494900
87900 354900
86100 332400
78000 393500
71200 354200
76900 318400
78500 359700
67800 293600
67500 294900
69400 302200
68200 291800
73200 307800
61300 243600
73900 291300
67700 251100
76700 298000
79400 236800
61400 252600
66100 259200
70100 235000
80000 253400
67700 207700
67200 186700
66300 258900
73000 214500
68200 276800
66400 169300
66200 173200
61900 160400
63700 176200
66500 174900
58000 151500
61300 150000
52500 129900
49700 133000
60400 156500
49800 142100
63600 152100
59400 127900
66100 129400
54700 128300
50000 169200
51200 136800
59500 155600
50200 118500
60600 251000
48900 150000
48700 146200
24700 55600
23900 55800
74500 208600
131000 525100
134800 536000
119200 508100
127900 544500
90400 469700
115000 537200
92100 425600
109400 486300
85600 348800
86200 365100
66300 307300
80100 372800
85300 378200
67800 298700
82100 368800
74000 315200
76000 316400
69800 324400
69800 300800
83500 346900
74500 332200
63400 243500
69300 287600
73300 258800
61500 240900
64400 266300
72600 284800
75500 306800
65100 293500
72200 266900
66700 284100
67300 233700
75800 244200
89400 247000
72700 195400
66600 203900
68700 244200
65900 244000
65100 188600
73700 211100
55400 154700
63500 175900
55600 158000
70400 150700
47200 151600
50500 138100
47800 149000
50500 143800
51000 168200
64200 166700
55000 143200
49400 138300
44200 138300
45000 140500
42900 125500
71900 311500
167000 782500
102600 554900
98800 615000
123400 523500
97800 454200
99500 457600
81400 399800
94700 452700
89800 340500
86900 426100
101900 380300
71300 279100
80100 357700
101700 395700
66200 287000
100800 282600
63900 290900
67000 282200
67900 307200
102700 319500
86900 258600
63800 217000
63200 182800
84600 216500
78900 313100
59100 181400
74100 202500
80300 278800
59000 221600
58600 170500
49900 129900
49500 146200
63100 142100
62200 139000
60600 187100
52500 159700
55500 141500
61600 170400
50100 164600
47900 153500
45000 152200
55800 154500
61200 154700
54900 142700
52400 156000
31600 95700
35200 67300
65800 299400
30400 77400
66700 269500
145800 681900
101900 439300
78600 329400
95400 427400
78900 287200
66100 293000
85500 323300
73700 346300
71300 305400
66200 302000
70400 298800
69400 289900
81400 321800
56900 227600
84600 356800
76500 182300
52000 167700
65400 152800
51200 135100
47300 139100
51000 132600
56300 132600
48800 146900
45200 138900
45700 139100
56900 151600
47400 144300
48900 137200
50700 159900
32300 101100
30400 80300
30400 75900
48000 171300
26100 61700
23900 50500
105300 561500
148100 516100
87400 278000
79800 318500
66400 292500
71200 302500
94900 234700
71400 270900
74800 215600
76800 186000
75600 425300
77700 236800
63300 215700
68200 230900
60000 158100
52200 188600
62400 152700
52700 134800
47800 157400
53700 131900
35200 92800
38800 84400
25200 66400
102400 487700
95600 373100
96000 483100
93900 480100
89900 408800
76500 366700
78100 310300
76100 288400
67000 333600
69600 314800
77100 303400
69200 258500
92000 305400
59700 275100
79500 222900
67400 214700
44900 155500
66300 174700
66300 236400
47500 146400
64700 199400
59400 143000
54900 162200
47100 148100
58500 151900
40900 117900
52700 127800
24600 54500
25200 54100
19900 50100
66300 314900
91800 499000
137300 599300
111500 483300
90100 400900
102600 365800
78500 355500
75900 336900
73700 307700
70600 276100
62100 256300
73100 350300
61600 278400
65300 185900
69400 254100
69800 225700
66800 191200
70400 215100
61200 179800
64900 203700
56600 151900
65900 182400
63400 180000
68400 142700
52300 137300
40600 120900
49000 145300
46900 129600
67100 188100
22400 66400
24400 52000
106800 551800
99500 353600
108200 500700
82800 377300
104000 344700
76400 342400
77000 304800
66700 276300
76500 356200
66000 297400
67000 267200
69800 352000
70700 247700
79200 294800
61700 225000
81700 274400
78500 325400
70800 206000
65900 195700
63700 365100
67700 182000
52000 162500
77900 208200
54300 154000
60200 156700
46900 141600
51000 132300
46400 139400
42000 105600
31300 93600
134600 545000
112900 509000
71800 320100
93700 486500
73800 240100
67600 339300
71000 349400
87300 241600
68900 289800
69600 272800
78700 208900
62500 218900
82900 241600
81100 204500
75300 181200
78200 333400
53300 241600
56900 165900
75000 290000
50100 151100
50800 141200
63800 175500
61900 168900
56200 159700
62800 171400
59500 132600
21800 66300
28600 79900
92300 534200
79700 459000
80700 353900
61900 357200
73000 303700
80900 332100
85300 361900
71100 336700
80500 313400
68300 301200
78300 335400
60600 270700
69700 259400
65500 263000
78300 264900
64100 268500
71200 277400
62900 186100
66100 233400
66200 260500
57200 177400
63600 189500
59400 164000
51100 151500
52000 180600
45100 130200
66100 189000
60500 178800
50300 156600
45000 137700
45300 121400
44000 130700
45800 127600
28500 84800
30900 79900
24000 51800
27000 68600
24600 54500
115500 535000
107800 461800
92900 446200
78700 356500
71800 302200
95200 378100
79700 328100
89000 355000
77400 361500
66900 298500
85100 342800
71600 316400
70500 302500
71000 302200
72200 263700
68800 295700
67600 355000
74700 321700
68100 296800
60000 229500
90000 286700
67300 302200
63600 190500
69000 239600
63400 190300
63200 172800
54400 197400
50400 148100
56400 153600
61900 173400
56100 176700
54300 126400
54300 151500
40100 140500
72200 156400
50300 134800
46100 133100
46900 137800
32000 104700
64700 108200
126000 464200
96300 512800
113100 438600
109500 483700
112300 573600
101200 514600
77900 374000
90100 337900
69100 351300
65900 385200
79600 376900
81200 378600
102900 470500
77500 339500
102500 381200
82000 390300
81400 355700
80400 317800
81200 373700
72500 347000
67100 282600
70500 298900
83200 383100
69400 304700
71300 341600
68000 297600
69500 303400
74600 354500
62800 277000
61400 267000
69200 288900
88800 306100
67400 296400
65600 197300
73100 188100
69700 296400
80500 266700
73400 263700
61900 191200
67400 156700
65900 183100
68000 234000
65000 256600
60200 183700
69000 256900
55200 151900
63700 157600
64600 136200
51700 161100
59300 157700
50000 176800
46600 116700
76200 333500
54300 144200
38000 130400
58900 156400
61200 171200
46200 131500
45000 143000
44800 149400
51000 132100
42000 149300
38900 107100
32000 101000
31200 91000
30900 83500
62900 224000
47600 142400
297200 1042000
163000 988900
108900 511900
89800 402000
104200 513300
76500 351900
109900 524900
112900 507400
112300 504000
106700 541800
83500 342500
76400 424700
76300 312500
81100 358800
75400 314400
107400 522400
93000 447800
70700 296800
69100 277300
77000 304500
71000 263600
58800 252700
68300 295700
72400 218200
66500 244500
71500 299500
67700 197300
80400 280100
69800 300600
84600 244100
86500 261500
79700 266200
57000 281800
66900 249300
60000 194500
79600 250500
55900 258400
80000 277800
75600 196500
69300 246600
73500 281500
67400 248000
52500 209200
61900 225300
70700 270200
62200 250900
71700 225400
68300 167000
63900 180900
67500 187400
51200 221700
53900 160100
50400 145600
54400 173900
57000 137700
49000 157600
88000 332600
52700 156200
56200 126000
53100 158800
42700 127900
43200 194200
53400 166100
40100 141200
39700 134900
54800 148800
52800 117400
42200 126800
39300 127000
40000 166800
43500 119800
28500 91500
28500 84800
55600 146900
112900 544900
130600 537700
140600 565800
81400 494900
126300 600600
97800 473800
70700 337400
107500 518600
73400 321900
84700 346500
91700 429900
63500 304800
86700 481300
91100 329400
76800 244300
68000 241100
77900 313400
66900 242100
67900 292100
66600 301600
62500 241100
69200 225300
65400 208600
72100 234400
73500 311000
66100 282400
72800 298100
64400 269300
63600 269900
66300 284300
66300 277000
64000 205900
61200 187000
84000 223800
62400 190800
74100 225000
64100 174300
66200 177400
51000 204500
62100 184600
47500 147900
59000 163900
51900 133000
58400 155000
47200 140100
53000 140600
49200 115700
46100 152600
36100 111400
45000 131300
52900 143700
33100 96000
28500 84800
31100 79900
28500 84800
97900 445000
92400 501000
96800 404400
98500 493900
98200 462800
112900 570800
97200 502500
84000 400200
89100 379200
80400 339300
66800 347100
94500 445100
103200 361500
76600 322000
74900 247000
75500 318300
76000 404900
85100 289300
80700 283800
88800 263600
65700 285600
65100 242300
63200 286400
74600 309300
65800 249700
77200 233600
69900 279000
79500 267000
72900 189400
66000 285400
55600 183100
74100 363900
61600 180600
65900 234100
55700 167700
68200 180900
49400 129100
53700 163600
59100 188300
44100 128900
55000 149700
66400 274100
132900 594600
112200 602900
124800 510800
88800 466200
103900 465800
102800 375600
88400 554600
71400 324000
78900 321400
128700 700800
87100 400600
76500 353400
67100 289400
66900 346200
72100 301400
75200 319400
63300 333400
69900 232600
78300 349000
66900 310600
74700 173600
81300 227700
72800 257500
75000 168100
84700 246300
74900 307300
73200 325400
69300 245500
71800 308000
71100 297800
72000 248300
74500 246100
69400 380800
63900 232600
58400 166500
49700 184100
56800 155700
54700 148100
64300 175100
37500 101400
51300 145000
30200 107900
30000 91500
24400 52000
157100 635400
88400 480400
101100 444100
89700 462000
86600 541900
95900 439300
78000 315600
99400 365000
66200 282900
63400 281700
90300 370200
71900 301700
64800 263900
68300 213700
67200 272900
69000 290200
78000 272800
78600 232900
66900 175600
60000 233600
54600 171600
55000 246700
57700 165600
50200 122900
52900 129100
37500 101900
39600 93100
59200 174000
139100 536100
88600 565800
83000 348400
97900 346700
102100 430800
78500 369100
81900 367600
76900 386200
91600 337600
78700 320200
67300 333400
71600 306500
78900 319300
65500 186400
69500 306700
63000 365800
72100 329200
67900 299400
77000 344400
61400 168900
74700 258200
58800 261800
50600 183900
58700 264400
46200 117300
46200 144600
54900 201100
47700 139000
46400 139700
125100 427400
76900 319700
87600 371600
78900 176900
68700 290500
71200 313200
74900 309200
79800 335600
57600 272400
92900 282700
71700 309600
74200 238800
73000 299200
66000 288700
65800 289400
56100 178000
57600 172600
58100 142000
52800 148500
55800 159000
50300 157000
54900 137600
67700 295000
125600 551600
150200 631400
111200 484500
107700 536800
64300 323000
90100 344800
76300 354500
76500 345900
81000 352300
78300 259800
60100 274300
80800 317400
78600 354600
62900 244300
77800 216200
64100 184400
71400 215800
75600 319700
80700 191500
72100 178300
67200 219100
59300 189200
65800 277800
63900 246500
56800 163700
58300 285000
70100 288300
62900 170100
62000 219900
53100 160500
54500 140800
50900 136600
61400 178900
49500 137600
64600 189400
31300 83700
51100 91100
88400 326800
30800 91600
24200 51400
21800 64800
118200 636700
104100 517600
111200 520000
130000 567600
90400 376900
76700 424500
73200 436600
67000 298100
80000 328800
65700 321600
75600 332600
75400 307200
87400 285800
82100 326700
94900 198600
72500 231600
77500 324200
76800 292500
68700 245000
89700 355900
65300 175000
70900 280800
67500 256100
67800 309700
56400 216100
62500 244700
71000 227400
62600 224700
60100 175100
51600 160500
59600 170100
65900 144700
47600 135600
50600 155500
50500 158800
50800 132100
49100 142700
32600 102800
48800 165000
65800 166000
24400 54500
99400 562500
90000 454100
109100 510500
104700 397200
90400 460800
100500 368900
67500 374700
81100 345200
91400 389000
65800 398800
64500 297700
72300 305000
68700 284300
74600 333100
86400 252000
88000 436500
66200 246300
67200 307300
58700 283900
62900 176200
71400 275900
55900 277400
69900 278700
68400 245200
63300 251600
67100 214800
64100 208000
65600 169200
64900 166900
43700 140600
55800 159600
44000 136400
41100 133500
56800 125400
51400 150800
51800 130700
54400 138100
47700 139300
45200 141200
30400 82400
94000 497400
127700 515000
120000 599600
103900 497100
103000 471300
75800 339100
79900 352400
79400 312600
85900 301900
64900 317800
77800 328200
76700 333800
74000 213300
77200 244000
76600 314800
68100 280700
66700 195800
75000 185800
63200 262400
71800 282000
75100 292300
68500 194800
72600 236800
71500 183300
65500 297900
67300 264200
60300 171800
65100 255500
62000 174400
46700 150400
64400 160300
57400 187200
51700 153700
54000 149700
50400 152900
55700 150800
62900 168500
51200 151600
47400 129600
47500 146200
46800 147100
48800 156500
39000 109900
45500 127500
120100 648600
119500 663000
95900 538600
131700 594900
103200 544600
96500 487400
100500 400500
85100 454200
80100 366400
72200 341900
98700 436200
77500 379500
72600 312800
75800 341000
75400 341200
71700 306000
78900 287500
78400 322800
87600 364600
76500 319600
73400 206500
74200 297500
74100 207800
77600 182600
59900 249000
72500 295700
69400 257200
65000 298900
63400 166600
63700 282500
72400 293100
65100 177700
67100 255600
66900 156300
64600 209100
62600 218900
52100 201300
61200 221700
49500 150200
51400 151100
51800 168400
54900 150100
53800 152400
44400 137600
53700 137000
65500 143700
49300 141000
48100 144600
40900 103800
32300 71200
135400 586800
87800 386200
95600 430900
119600 574500
109700 557200
90800 501900
78300 396900
102100 518200
80100 369300
85000 340800
85700 387600
83600 521900
99000 465700
69600 311400
81800 211400
60900 250600
65400 283500
72500 332000
72000 260300
82300 276700
71000 300200
67400 240300
69800 266100
68000 297800
66100 263200
52600 175700
65700 274600
68700 270000
57300 176400
53200 128100
64100 200100
51500 153100
47400 147500
51100 140000
52400 152700
57400 185600
54200 150300
56200 152400
49200 167200
31700 89100
24200 49700
88300 185800
123200 578200
122600 593300
71700 356500
71200 339900
90900 467800
80500 414000
78500 341100
81600 345400
60300 299600
70900 385100
79500 314100
90200 211000
70100 273200
70700 323100
73900 308000
68200 199500
76000 233700
93400 269600
74900 293000
72800 383400
65100 281200
69300 290900
77000 288100
61700 247100
74200 269900
71500 297700
81900 276500
76800 307200
67800 242100
60700 250000
68200 232900
60500 278800
61100 194600
65000 261500
68900 211800
61100 150700
48200 141600
51500 134500
56000 148600
63300 179000
52700 159100
44800 133800
30400 79500
30400 76300
104100 376700
131200 511500
84800 387300
95000 442500
88900 413100
92100 522100
96600 492900
80600 361700
81400 315400
84800 367900
90000 439300
65100 266300
71800 266600
80500 422100
71300 290700
75200 439500
84900 208300
76000 234500
65300 303300
63600 260700
55500 172500
94100 266100
55600 146700
65000 224700
61000 165500
51800 162200
48300 137100
47600 141300
44800 111400
43500 129900
130000 514300
108100 623500
99000 513300
89400 378500
86600 461000
104400 453100
98900 408400
75600 350700
73600 336100
73600 315200
73900 287000
78400 233300
67200 201300
125100 472300
73800 307000
65400 180400
70900 208400
58700 193400
64900 270600
64200 211900
69800 234900
46800 134600
52700 221800
48600 111100
43000 129500
56300 171400
48000 144100
52300 154100
39300 117100
30600 82800
76800 339200
70400 337200
83700 346100
91300 492500
85600 374200
74000 350900
71100 287500
77000 312500
80200 347800
75400 327900
73000 208400
75000 276400
57800 192700
70500 229200
55200 190400
70800 172500
69500 294400
59200 153300
76800 262100
57100 208100
53600 131500
54000 142500
28500 84800
118500 512400
63600 360300
77900 337500
70900 361600
90800 322500
77000 205700
65800 292400
73100 336800
75300 175200
70700 196900
59500 225400
50200 135700
37100 142000
34000 93200
13600 39600
140500 602000
116400 558200
79700 446600
102500 466800
80000 296800
69800 230500
71200 203100
74200 316300
67800 236400
61200 242700
62500 258600
43800 140100
56700 161100
35200 92800
45200 109400
98500 482600
100600 356700
103100 425400
87300 460600
117900 510700
83700 462000
84000 430100
70600 345900
80400 359700
72900 310900
95300 354500
92600 355000
75900 356200
71000 294800
76800 217800
83300 206800
72600 357900
82900 362500
61100 203100
67700 185300
63500 234500
74900 246300
62600 247800
55000 177100
54600 146300
98200 436800
68300 217900
62800 150100
49000 135000
55000 134600
56400 166100
58100 158400
40900 103800
50500 150700
69100 168000
138800 880300
116300 567200
100200 470500
105700 495000
130300 517000
117200 522800
102500 354200
114500 494800
73100 331100
78100 340100
66500 260200
93200 305900
71800 201400
55200 267100
63700 200600
67900 271500
55800 153400
63900 147700
43200 148500
60000 194500
55200 133800
56000 133600
24900 56900
24700 54100
114200 516400
98300 507800
107800 637500
103000 373900
75900 249700
83900 246300
70700 206300
75000 294100
65000 191600
62400 178700
64600 192200
71400 231600
59700 155400
54800 196900
66000 263000
47800 144700
64300 168000
51600 167400
56000 222300
63300 159600
54500 159900
48000 151300
43300 137900
50200 142300
43300 142400
43000 109300
24100 50400
25500 62600
101900 624600
120200 554700
101800 413100
91300 369100
64200 262500
74000 327900
69400 277500
78100 332400
77500 241500
80100 240100
78400 236000
78300 205000
72100 255600
69800 271400
64400 281500
75500 307000
70000 254500
71100 283700
79500 234300
55500 151000
63700 234800
51500 155500
52000 177100
64500 156500
52500 142800
77100 173500
45200 123300
40900 137700
41200 144200
116500 677700
106900 507800
98100 475300
89200 436000
73500 306400
84900 382800
80000 360300
84400 324400
76900 329400
73800 295900
77300 225200
77400 255500
74900 321800
82600 342100
87600 377600
66200 281200
74000 366300
76000 206300
76300 254000
68700 201500
67000 224400
69500 260200
65200 200300
69700 306500
66000 226200
39600 122500
64900 215000
55400 183300
67700 310700
57500 149000
59600 250900
58900 159800
43200 132300
50200 167400
53100 149600
50000 163000
46900 151100
59700 233900
47200 137600
67200 179400
48600 142100
48300 136200
51000 141000
51500 131900
48500 130100
66100 186900
30600 77400
24000 50100
26100 66400
168800 831800
131800 586000
102200 476800
74600 333800
83200 350600
89300 396100
81400 354200
91900 515600
81000 332100
73600 362000
98100 336100
82100 202800
74300 327400
70200 270600
72500 212400
69000 298300
82300 283700
76500 205100
72800 270300
55400 212000
67500 243600
72300 277100
66300 225900
65100 266100
57300 190600
66700 186000
65800 190600
65900 265800
51400 146100
62100 171400
56400 169200
75600 267000
59700 227300
57600 156000
76300 199100
46100 120100
52900 139800
45800 129900
45900 139100
28500 84900
118900 570000
90800 491500
91800 465100
98300 484500
83200 371600
72900 339400
99900 395000
68400 317100
85900 243700
74200 346000
67100 298600
79800 297500
68300 301200
69300 250500
62400 288500
68400 305900
66400 170300
55000 223500
62000 191100
67500 196800
48100 149900
58400 166700
51300 137000
77800 279000
59500 172300
48300 129100
46100 159900
44000 225400
33900 118200
78400 227600
24200 48900
73800 360900
71800 359500
87200 386900
81600 399900
66900 289200
78900 335300
74000 217400
74600 214700
78500 225900
78000 312500
75200 293700
78100 336500
62900 288100
51200 176200
66800 194700
65000 292200
66900 180900
69800 312700
54800 221500
56500 148200
61900 144600
95500 371300
52400 142600
56300 144800
49800 152200
49900 140000
56300 151300
47100 110900
123000 490200
106100 505800
95600 493300
130200 612700
74100 318000
76500 328900
75400 219700
80600 362800
84800 278400
80000 257400
0 432600
83300 341100
67300 282200
74300 226300
67100 223100
59600 191300
68500 277400
69300 294100
67100 180900
65900 243400
69000 238800
64900 196100
54700 156700
57200 142200
48200 117700
24400 50400
91300 485200
85500 373100
78500 331900
68900 336200
83200 254200
68800 301400
77100 225700
76400 330300
67900 272200
63600 286400
46700 133400
67000 250300
65000 243300
59700 174000
50000 145400
46800 128500
48600 138500
64900 180100
48000 132800
81000 433500
94000 483900
63100 181900
75400 206700
72300 222600
77700 194600
71700 282000
64900 274700
50400 163100
49700 160600
52900 150200
91800 401500
88200 389600
91900 469200
90100 324500
69800 170400
75600 229700
87100 206400
79900 435900
73700 200200
64000 246200
56700 173900
68600 156700
61900 225000
62200 227100
59900 274100
47500 140600
46900 151800
37800 112000
38200 98700
31100 83500
127200 622600
139800 560900
79700 231600
78900 304400
72000 316700
80300 347300
81800 351200
69600 287000
61300 152700
76000 270300
64000 226500
64400 233400
73500 219900
68400 281100
67900 195100
48000 163600
68400 254200
56400 148900
60700 167600
58000 173300
51200 177500
53300 158100
52700 171700
48200 137400
46100 146200
50300 154000
53600 140600
47800 135600
44600 122200
45000 140300
42600 142700
42600 126800
31100 79900
25900 66100
30000 91500
112200 574300
94900 494000
79100 337300
74600 220500
84900 225900
74800 215200
79100 303200
87500 274600
68900 209800
65000 170900
65900 230200
67300 3e+05
70800 191000
65200 257500
62300 2e+05
47700 153500
51600 159000
50700 164900
52000 140700
40200 130200
36700 133800
36700 136200
30900 80300
28700 73100
129900 691700
135200 696500
98500 488100
122800 535200
134400 555900
98200 473800
91300 479700
96800 471500
79500 349800
70500 282500
76800 319600
75900 242900
76900 340800
56900 170000
70200 285700
59600 158400
69800 260700
74100 289800
60000 332100
57900 173400
52400 141200
48200 147100
49700 174900
44000 134500
40500 112600
43300 112500
31100 79900
95700 432300
144600 567200
120400 478500
78300 364200
99300 403700
71300 330900
76400 205800
74700 309200
83900 219400
94500 391100
68400 192900
76900 323300
68700 243600
67200 212800
64100 223500
63000 291200
68000 252400
62600 209000
58500 176700
62000 212500
65300 164600
56700 147900
47700 149400
41400 133100
43000 153400
47000 147200
48300 138700
147800 665300
107600 552800
102100 490800
96800 449700
91300 536400
94200 362300
89500 405800
85500 471200
81300 352300
118300 500800
75500 328600
72200 232000
79600 318700
64300 265800
65500 198100
60000 210400
69300 168900
62200 323700
73200 252500
57000 142300
50200 162000
50700 163200
48600 143200
51300 134400
42200 121900
48600 146200
40400 110600
65700 235100
24200 51600
131000 493100
129300 554400
92700 483500
124800 542000
79500 440300
71700 307600
82400 438600
76300 215300
62500 264400
60000 309500
73500 311000
68600 320500
69100 167200
68100 277800
61000 255200
69900 235800
68300 286300
64500 177100
64100 217100
63000 248500
69300 240200
65000 192600
61900 227400
62300 220700
51600 190400
56600 138100
48700 157800
54000 236900
47200 146600
50000 150300
53000 151100
48800 141900
40100 98200
64300 193200
66000 303500
38500 104800
30400 75900
104300 520700
109800 424400
94400 418600
88400 437800
66800 344100
94000 398400
82500 333700
65200 319300
68300 298800
63500 337400
78000 363200
71100 213700
70600 327800
64900 205400
57800 257700
70700 290800
69600 258200
68000 228300
66900 245000
60800 281500
59300 214400
63700 267700
61500 155600
55400 245500
50900 178000
48600 144700
55200 143000
47800 144300
49100 176900
44400 127000
45000 134300
51500 145600
25900 66900
26200 67300
86600 434000
120100 550800
69500 326500
85400 322100
79500 373900
75500 342900
89200 312600
95300 290900
69800 307100
72400 307800
71700 206700
60600 254000
64000 258100
49200 160500
65600 200100
68200 216000
61300 166600
53200 156600
56700 151800
57500 184500
48500 129500
48900 141300
43900 139200
46100 143900
44100 133200
54700 177800
42400 159300
42400 123800
40100 98200
50500 140400
37100 145300
77100 199900
75000 199500
68500 335300
59900 260600
70000 275100
86000 292100
57000 180400
63500 162200
53100 150600
54400 129500
73000 266100
102100 402000
72000 392500
96900 482100
75800 364400
77000 326600
67300 199900
71100 309300
83800 198500
69500 260000
94500 353000
80700 264300
66100 244900
69900 195300
70800 274900
46600 150100
52700 140200
55600 191900
52200 161000
41600 128500
47200 128300
43700 126000
56100 131100
30600 77400
36500 92800
24200 53300
124900 572800
96000 447600
88000 373800
75600 293300
79600 290100
74400 204400
57400 203900
67500 235800
66200 193700
58500 170800
71000 163900
64300 145300
48000 142500
49700 165400
46000 127700
48500 151200
99800 554700
107100 620800
139500 630100
79800 338100
94000 449800
96400 441100
85400 368300
74300 313800
75600 299200
68900 283200
73800 314600
67300 294300
69000 280100
78800 312800
81700 213700
60800 271900
71500 308000
71700 241400
77500 322700
72900 278100
66900 223000
58500 177700
45700 133100
53400 183300
55000 247300
44000 302300
39000 107100
26900 63700
102900 532600
102400 490600
95200 440900
82700 381500
84600 415900
87800 324800
78000 285800
82500 352000
77000 229400
69900 202900
57400 174000
69100 234000
74600 257800
49200 147500
46300 135400
55400 154500
47000 149200
56100 145700
30900 79900
51400 116000
83800 346200
90400 413000
71800 351900
69000 291700
104200 391600
81400 212500
82600 385600
69000 303700
78600 192900
52600 149700
56000 176100
65500 226900
64000 181700
55100 153800
46800 143300
53500 132400
51100 136500
62300 201400
44600 139500
35200 94000
30400 77400
151900 579900
117400 520000
102000 518800
72900 372700
103300 407100
63600 313000
85600 239400
78100 348400
96300 280500
75200 258900
76000 259600
75800 250200
88800 403000
71800 278200
63000 273800
74000 328600
66900 182000
56500 183100
64700 156800
46100 137900
59200 160100
56000 156600
61700 158600
45100 129200
51200 150200
58700 241300
40100 98200
40100 98200
40100 98200
40100 98200
40100 98200
40100 98200
30900 79900
131900 533300
98900 434900
88200 367300
85700 427300
73400 294900
104000 497800
79600 227600
87000 259900
58900 172400
68300 242200
60800 209000
73900 199200
56000 167500
54000 160300
54600 129600
49100 149600
52800 256900
52900 163200
48300 144700
38800 84400
53900 268100
86000 570500
134900 525300
84400 440500
64100 427400
92300 463300
90700 453000
83200 366500
83200 275800
69200 308600
78800 304100
82300 339400
72300 212300
76300 291600
67900 253200
70600 191700
62700 170000
55800 176900
54200 171200
60000 219600
50100 136800
54600 155700
44300 123200
56100 127600
51100 156900
51700 146400
56700 153200
52300 161500
43400 132100
45400 113300
34200 107900
45600 130600
30600 77400
45100 142400
24700 55800
118700 531200
83300 405800
127200 551700
111000 443400
98700 354100
68500 311100
76700 341600
70200 296100
80700 347600
70200 283000
83400 200900
74200 271200
108000 468900
65000 259300
65600 274600
67100 194700
61600 191200
61400 263500
62200 219800
67700 221100
59300 173400
54700 161900
65800 187900
59700 321200
52000 222800
50900 145200
47200 152000
49600 138100
47800 130300
61700 247300
80100 291600
129600 542300
130900 575900
105300 536200
109300 554200
82600 374500
79300 363500
80800 319400
73100 351500
89600 477700
66300 294600
77500 343600
74900 197600
91400 226100
74200 308200
61000 212300
71200 224400
63000 308200
63600 223900
61100 209700
55600 137000
51300 152700
53300 149500
45300 118000
51100 136300
51700 155700
40700 124200
115800 479900
119000 512300
102900 576500
79100 405700
90400 533400
88100 394100
82300 382400
91500 304100
76800 346100
79100 315400
67400 322600
71900 282700
63600 225900
59400 241700
64500 190300
57400 146000
46400 133500
57000 142100
50800 183400
61000 135600
48800 146600
47900 138000
57700 281500
44400 122300
30200 75900
91500 561000
96000 424900
69200 312200
72000 307300
83000 232900
71200 289300
80200 306000
77900 200100
68500 200800
78300 323600
68600 177300
68800 173200
64800 149200
43800 127800
45300 138700
32600 107300
65100 267300
24700 54100
103400 447700
92000 407400
98300 415000
75700 190400
85300 277600
60900 254600
76000 197600
85400 214100
72100 197200
59000 280800
70200 215700
53100 175600
59900 160800
56200 162900
50900 153100
49100 145200
50000 213900
57700 157000
24900 51600
106800 520200
68700 318100
76600 324300
57100 284300
69800 172400
73500 242800
76200 287200
76400 215300
59200 160900
43400 129100
52800 142200
56600 137400
50000 160000
54600 139500
49900 153400
47800 138100
53600 104400
72400 256400
56300 148800
127200 537300
122400 539700
69700 307400
85400 316500
72900 331200
90600 416200
68100 236600
70400 290000
72600 338800
86400 343500
78000 350600
70400 264200
58900 244000
69400 211200
68600 172700
55400 245400
57500 151400
49100 186800
50400 131500
30400 75900
87800 307700
149500 636300
100800 503900
78500 414600
85400 363800
77900 363600
76000 347900
87100 361800
77100 270900
71100 245400
85800 210100
84700 201600
61400 247600
67600 262900
83800 270200
70300 198700
70900 171500
63100 234300
70100 245700
65500 215600
61900 225300
54200 188100
48800 159700
56400 143400
53200 163100
46700 147600
45700 124700
53400 141500
198100 1093500
87200 475300
79100 414300
107600 429700
108200 513700
117000 616700
75600 347800
77900 289100
83600 345500
101400 351000
78300 312800
88300 230100
87000 384900
79200 206200
74000 199100
73700 283800
65500 274300
73700 207700
64000 189600
81600 199900
68300 288600
60200 266000
63300 194300
71900 284500
60200 179600
69300 269300
58400 159900
71100 108300
52000 154500
70300 337300
68700 166800
46600 147700
58900 154800
59000 160400
56100 135900
44400 143800
54300 157700
48000 138600
32000 97600
36500 92800
57700 153700
56300 157000
98000 502600
87500 474800
96900 505700
91200 389200
95900 444800
88500 384900
77300 215100
78200 203600
84800 372000
75600 216300
67400 185200
61200 249600
71700 225200
63500 260100
66000 227700
66900 187300
48700 127600
44800 164000
61000 153000
45200 176700
21200 64800
24100 52000
70900 274200
105200 556800
99600 515900
92900 478500
94700 499500
95600 396700
71500 323900
69500 299800
71200 294300
68800 205900
74000 222300
62600 185200
59300 183500
72800 149000
68200 227900
62200 163000
58500 146900
54300 150900
66700 173800
56300 157800
48300 146400
65200 201200
48000 135000
30700 96400
46400 131200
37500 105100
71700 304700
131600 582600
104800 495900
72700 363600
75400 351400
72800 322300
89200 365200
78000 336400
71800 340200
81100 255700
87400 370000
81500 254200
76500 299200
62100 259400
94200 443100
67000 302300
67600 269000
76600 172500
81500 368900
71000 302200
76600 254100
59200 176300
64200 175900
67000 220300
65700 177400
62300 160200
54600 146500
66100 189900
48100 133200
56800 179000
30900 95000
89400 376500
95200 440500
102500 481300
96200 476100
113400 488500
75600 346700
84100 322900
84100 333100
80500 343900
81200 391200
68700 285700
79500 328800
71900 316900
67500 214600
58000 192700
79100 241000
74400 185400
71300 217400
71400 299400
65500 410900
63000 174100
54400 180400
59100 178600
67400 184900
65600 264900
55100 157300
49900 155600
52600 149500
42900 123500
10000 7400
58700 155200
53300 160700
70700 202000
62300 233900
60100 220300
45600 145100
34300 105500
46800 146800
58000 200500
35200 94000
28500 84800
128100 644700
89400 356500
102400 304500
75800 319900
62000 325200
83100 350400
104000 460500
86500 350300
68800 295700
78200 258900
67300 195900
79600 350200
79400 259600
62200 195900
78100 220400
69900 194800
72700 249000
60200 241500
69200 191300
77700 149000
48400 148700
58000 158500
55200 141500
65200 151200
50100 136800
48600 155100
125600 510100
68300 303600
68400 308500
69900 225100
70600 299400
64200 271300
60400 166800
68500 231000
57500 166800
56700 148500
69500 259200
64100 179800
50600 146900
51600 146700
71400 212900
112400 396400
100300 418800
70400 334300
88500 344800
82800 277100
66000 334300
87000 322200
93100 481100
61000 291800
71400 303700
71300 291100
73300 195000
69600 222800
50900 161400
59800 148700
38300 128600
50400 137000
198900 1182800
89100 413600
73700 312500
104300 382800
83400 318300
78500 265000
83900 229900
91100 284700
76200 388100
73100 297300
65100 287300
80300 189900
70800 217600
68900 222700
58900 299800
76000 324500
43200 120800
71400 295600
64500 166200
49600 138200
47500 155700
61500 216300
42200 126900
42600 150900
46900 131000
50900 141600
61400 132700
28500 84800
101800 374100
93900 384900
61100 265000
75000 192700
68300 225300
69700 253600
82000 291100
91900 398800
57200 204000
53100 143400
48700 124000
109200 471600
97000 396600
83000 375400
85000 359600
70200 319800
68600 302200
56600 150800
64900 295800
50900 164400
57400 172100
30200 79500
142400 780300
121700 705900
140200 506700
102000 501200
90200 390600
77400 207200
80100 363300
73300 238200
62600 207800
68300 299400
65500 290000
49500 169300
57500 163800
49400 172400
54700 153800
48400 149100
51200 134700
28500 84800
45900 135700
89900 501700
106600 491500
98300 420600
66100 284900
69000 299400
63300 284100
80000 255600
64300 233700
67200 184600
57100 168200
58400 185900
61800 223800
73300 171400
70300 247900
110700 488300
72100 320000
74000 307600
61700 223700
64000 229900
76000 315000
58000 221200
52300 150500
46900 129500
58000 155400
31700 120500
125800 515900
97600 413200
105100 548900
96200 461800
64600 355400
99000 405000
88900 462900
68400 278200
67500 286300
62100 223300
78400 192000
67000 336400
65000 255500
62100 187700
51800 135300
55300 166500
47300 134800
47800 121100
51800 153500
24700 55800
216600 943800
134800 587000
80600 403400
95000 449700
74200 368200
84800 515500
85400 402200
91400 228600
66200 291500
74100 324500
89900 331100
82200 3e+05
61400 209900
67200 223400
68600 223600
59600 185700
54800 142600
48100 145000
31600 83900
151300 886300
84800 353400
81200 331400
72100 327000
85600 374100
72900 283200
70600 303700
78100 340500
62100 211500
77000 303100
58400 195800
63400 262700
43700 131300
54000 146900
51900 161300
69200 325700
149900 659300
88000 394800
93400 322900
75000 316400
84700 385800
91200 345900
82300 282400
73200 331000
68400 301500
63600 292500
76600 246500
58800 169400
54000 157800
56300 261100
62700 242100
68300 180000
51400 154600
48600 148800
43400 125000
52000 168900
86800 199400
37300 149100
26300 64600
67800 231900
92800 421700
70700 314800
97300 486100
67400 304100
66700 199000
51300 156700
66200 185700
62900 237400
61300 241200
56300 154900
57500 197000
40100 140600
51000 147600
59800 157200
30400 81000
63500 274400
100700 462400
99100 385600
59900 271900
78300 330300
79800 364000
67900 269800
62900 296200
70000 308700
67900 268600
53100 130200
61900 167700
69600 227500
48400 124900
77300 246400
27300 65300
117800 472900
99600 366400
83900 322200
92600 379600
88900 365500
79800 337200
71600 196500
76600 194500
59500 226000
60700 167200
66900 244600
72400 302200
38200 113900
47300 127700
55700 129500
30900 79900
101200 387000
52900 169600
103400 494700
94100 385900
71500 309400
73100 201600
81400 240000
53500 171400
75000 234000
58800 141300
47400 138700
79300 231100
47000 147300
50400 171700
68400 182600
69400 197000
60700 175500
45000 145700
30600 77400
141400 576000
105900 513400
94600 410200
82600 470800
57700 284100
71400 319300
71200 301800
65700 272500
67100 325200
73700 227900
64900 227800
67000 236800
50300 142300
53000 156200
48900 143300
52800 145700
52700 137900
38500 93100
146000 564500
87300 481800
111400 495500
97900 391900
84800 365300
104900 374700
90200 278300
90400 447300
62400 260000
89000 280500
62500 246100
70200 302200
80800 225500
70100 253500
60600 147100
72300 214100
54500 143300
52000 132600
44800 135200
111700 359600
51100 143900
42900 129600
44500 151200
30400 85500
103000 374100
100200 478000
75700 316400
88400 352800
78900 356500
71700 290800
66000 327200
67700 245100
82800 353400
56300 154500
48700 155300
54000 135700
53700 159800
115300 486200
109900 475800
101200 412300
80800 347700
75900 291600
82500 248200
68800 314900
67500 299400
65300 254300
66300 283100
49800 126700
50800 154200
47700 155100
44100 104800
57300 143100
49200 143800
128300 521400
135400 512900
67900 302200
62400 184400
76200 395900
74400 290800
61300 212200
78000 272000
65600 180000
62600 203300
47800 147200
57100 137600
42100 126900
74500 323200
40000 125000
160500 818300
112500 376200
80200 368500
72900 308300
86200 399800
72600 324500
89100 393800
83200 354000
92000 292100
74700 279500
75600 265300
76100 321500
58400 225200
61000 284300
71700 291600
79000 249700
73400 259500
69700 296700
68900 328900
60000 161100
66900 329700
65400 195400
56400 190400
50600 146200
47200 140700
64100 231100
95900 506300
86700 438200
109100 465700
85900 440100
58500 281500
58300 227000
67400 211900
72200 287700
65600 238400
57700 262300
59600 166400
64800 177500
58500 142400
58800 163600
63500 283800
49800 145200
56100 129600
48600 131900
39000 109900
61100 207000
51400 130100
113600 607000
86800 349500
76200 304900
83500 439500
73400 315600
67300 314200
61200 162200
74600 185000
70000 310500
56300 162000
52000 170600
43100 127100
42200 126800
37500 101400
42900 130500
55700 149800
67100 144400
90800 218400
84700 373700
70700 403700
85100 225600
77000 319600
61100 251700
72000 262200
66100 255300
68100 201300
57200 143000
54200 165800
53600 138700
52900 141400
49800 141700
37500 101900
133300 651400
114600 608200
67300 376200
73400 224900
62600 223400
66700 143100
48300 138900
52900 154300
56800 159500
98200 498800
103100 528800
70800 284500
112600 519500
105000 477500
71400 212400
75100 319700
62500 172800
69300 288400
59100 146800
45100 173800
56900 156100
112000 430600
87900 358700
90500 354300
63900 167000
62700 301300
57300 184100
53100 149000
74600 306400
129100 444400
104000 654100
81100 432500
106500 585700
86400 409800
96600 479300
70100 326800
61100 247300
74400 261200
52500 146500
58100 159200
52600 130000
51600 148700
49800 135700
59400 174400
94400 478700
108800 570600
82000 295100
64600 160800
82000 344400
44400 142400
53100 202900
156000 886300
132600 616600
132000 508200
59300 281500
75000 186600
69800 172700
72000 267500
65500 195600
63900 251000
56800 169300
77300 333800
83300 442100
85500 469900
111000 490900
73300 299200
75100 291000
67400 271500
58800 173500
75800 166800
67200 178300
50000 163500
61800 270300
57200 164900
68100 190200
59800 196400
60800 174000
102800 463900
90200 483800
59700 281500
73700 310300
68800 223800
70500 262700
55600 217500
53200 157000
72100 325500
72700 217200
51700 161500
57900 167400
51000 157000
154400 886300
122500 562100
119400 563100
94800 464900
62300 247300
77400 333100
89700 367900
85300 258400
88400 406400
78800 329400
69100 288100
75200 220800
51600 170200
86200 324800
85400 340500
75600 225200
55100 184900
59800 183600
67000 196100
42700 124500
51500 148800
99500 356700
65900 266300
68900 273500
57000 168600
91500 296800
48100 143200
38500 93100
71800 333500
60100 158500
50900 155500
44300 138800
20700 66300
132400 532900
61700 281400
48400 172400
66100 226500
48100 129300
47400 147600
63900 321900
73000 213000
82300 310200
69500 303800
71300 238900
64500 264800
46000 135400
47400 142000
39000 93100
39600 92800
55900 161100
83900 296000
72600 322300
99100 447400
74400 312900
109900 511700
17500 163000
105100 679300
72100 461600
108500 691400
76700 483700
89300 561300
105800 663800
135600 839800
55900 344500
74800 460400
161900 986300
91300 553100
82600 495800
74100 444700
106800 639900
65000 387900
82200 485500
100400 592700
60800 358200
69500 407000
63400 370100
93400 545000
93800 547000
83200 484600
101400 590200
99500 576700
81300 470600
152900 885000
82500 476500
113800 654900
76200 437800
83000 475200
85100 486700
65500 374600
79900 456300
99100 564600
98300 559700
77300 439800
60900 343800
71200 401300
63000 354500
66900 376400
60100 338100
71500 401800
101000 567100
78100 437600
32600 182600
88700 496600
113300 634300
82700 462500
93700 523600
94100 525400
88500 494000
70200 391200
76800 427300
94800 527400
32600 181200
100500 558600
88600 491700
119000 658500
67500 372800
92400 509900
82500 454800
77200 425000
88600 486900
86600 475800
1e+05 549400
83500 458700
73400 403000
93100 511100
90700 497900
91200 499800
108700 595500
73300 400600
103800 567100
59000 322100
70200 383100
66500 362800
76300 415000
73100 397200
85300 463100
94700 513900
105100 570100
73100 396300
75400 408700
146400 792800
72700 393600
95700 517400
69200 373700
124700 673100
95600 515400
86300 464800
103600 557900
82800 445800
83300 448200
113100 608200
91200 490200
88100 473200
84400 453100
93200 500200
97900 525400
99300 532800
77300 414700
97900 524800
139100 745400
67800 363200
108200 579500
77300 413900
56300 301300
92100 492600
73700 393800
107900 576400
95100 507700
97300 518900
81100 432500
88700 472800
87400 465800
89600 476400
125000 664500
96300 511900
111900 594100
106500 565400
109000 578100
74000 392400
65900 349200
93900 496100
89000 470200
122800 648700
68100 359700
86700 457700
67700 357200
68900 363500
105800 557800
83100 438000
92900 489600
87100 458900
97600 514100
111400 586500
105100 553200
103200 543000
94100 494800
67800 356200
102500 538500
76200 399700
91300 478800
107600 564100
80500 421400
110900 580300
68500 358300
109500 572700
121600 635700
94800 495000
89600 467700
106300 554800
84500 440900
88200 459900
113100 589100
70300 366000
103200 536400
71000 368700
104200 540700
97500 505600
98700 511700
108600 562600
65600 339600
74700 386600
84600 437500
85600 441900
86100 444200
109900 566900
92900 479100
101400 522600
65300 336500
73500 378700
77000 396700
109300 563100
74200 382200
96100 494800
86100 443100
68000 349700
98900 508400
84000 431600
94300 483800
97900 502000
96800 495900
87900 450100
101900 521200
113000 577600
80600 411800
57900 295800
105500 538700
79100 403500
79100 403500
94100 480000
94000 479100
112000 570500
68900 350700
123600 628800
69300 352500
79900 406400
118200 600900
92800 471700
59200 300900
58300 296200
108700 551700
67700 343500
74200 376400
94300 478300
60200 305300
90100 456900
89800 455300
68400 346300
71400 361300
124200 628400
82200 415800
97500 492400
71900 363100
100300 506500
121600 613800
113500 572800
114400 576600
112500 567000
97700 491800
102200 513900
91200 458300
98300 493300
79900 400800
104300 522800
98800 495200
92300 462400
96000 480900
81300 407200
110300 552400
92500 463200
58800 294300
109300 546400
99700 498300
133100 665000
94100 470000
84100 420000
100700 502800
91700 457800
93600 466900
99300 495100
91400 455700
70000 348900
83000 413600
133400 664200
92600 460700
96200 477600
89400 443800
108200 536900
86300 428200
101500 503600
72000 357100
104500 518000
102100 506000
121600 602400
92700 459100
89600 443700
133100 659000
100400 497000
117900 583600
79500 393500
126300 624900
128200 634300
86500 427600
93700 462800
82600 407900
92800 457600
113100 557400
92600 456300
111200 547600
97300 478900
74600 367100
75500 370900
99700 489600
96600 474100
59700 292800
97000 475600
117300 575000
94200 461700
99900 489600
83100 406700
59900 293000
97500 476300
82300 402000
81700 399000
70500 344300
99600 486400
62000 302600
105400 514400
69800 340600
71400 348400
91200 445000
92500 451300
112800 550300
64700 315500
97700 476400
69900 340800
63400 309100
96000 468000
63500 309500
78700 383500
89300 435100
79500 387200
74600 363100
77700 378100
97100 472400
102700 499300
87900 427200
81500 395900
67600 328300
121600 590400
105000 509800
80300 389800
86500 419800
65200 316400
100900 489600
116700 566200
118500 574900
99500 482700
88400 428300
125800 609200
84200 407700
100100 484300
140700 680500
78000 377200
101700 491500
69200 334400
111000 536100
66100 319100
82300 396800
65300 314500
95100 457700
89400 430200
97700 469900
108700 522800
69300 333300
117400 564400
102800 494100
66000 317200
74300 356800
99000 475200
65600 314800
98800 473900
68200 327000
95600 458000
72100 345400
122000 584400
98200 470300
92100 441000
108400 519000
89200 426800
84800 405600
102400 489500
100400 479900
63400 303000
97500 465900
69700 332900
62400 298000
139200 664500
119900 572100
75500 360200
66700 318200
83500 398100
66200 315600
116300 554400
85200 405900
69900 332900
71200 339000
112100 533200
51700 245700
87600 416200
87300 414500
97300 461800
38200 181300
72200 342600
84000 398500
83300 395100
88300 418600
160500 760700
95900 454500
102800 487200
54800 259700
78800 373300
80500 381300
63100 298800
94700 448400
103100 488000
81600 386200
82600 390900
67700 320300
81900 387200
90600 428300
70000 330900
84800 400800
96800 457400
98400 464800
125300 591800
114900 542600
107200 506200
73900 348800
63500 299700
74200 350100
73300 345800
88100 415600
64400 303700
65400 308400
107500 506900
89900 423500
114200 537900
82800 390000
52400 246800
105300 495300
57300 269500
95500 449100
76000 357300
89900 422400
85800 403100
63100 296400
61100 286900
69200 324900
103800 487300
73400 344500
64600 303100
71000 333100
65900 309100
70000 328100
78200 366500
62200 291400
71600 335300
68700 321700
76400 357700
78800 368900
118800 556100
131300 614500
1e+05 468000
95500 446900
93700 438400
103900 486100
109500 512200
71600 334900
104900 490500
107000 500300
58100 271500
132800 620400
82700 386100
67600 315600
83500 389800
64400 300600
79700 371700
55400 258300
76700 357500
61000 284300
68000 316900
97500 454000
59600 277500
77500 360800
64400 299700
89300 415200
112400 522600
71800 333600
63100 293000
68700 319000
85500 396900
121000 561500
89100 413400
75400 349800
62800 291300
71500 331500
128000 593400
72400 335600
66500 308200
97000 449500
70400 326100
98800 457600
69900 323700
98200 454700
82100 380100
65600 303700
72000 333300
66300 306900
101700 470700
84800 392400
73500 340100
100300 464100
109600 506800
60500 279500
72500 334900
90000 415700
76800 354700
71900 332000
83900 387300
138100 637300
85600 394900
91800 423500
68600 316400
79900 368500
72100 332500
69700 321400
82200 379000
106700 491900
58400 269200
121000 557500
108300 498900
65600 301900
65800 302800
74900 344600
88400 406700
142200 654100
78700 362000
72900 335300
131100 602900
75500 347100
99500 457300
81900 376400
105000 482500
67600 310600
64200 294900
72200 331500
64800 297500
79000 362600
66500 305200
58200 267100
74400 341400
64200 294300
75300 345000
52200 239100
79100 362300
74300 340300
73500 336600
82200 376400
77500 354800
62400 285600
71600 327500
73200 334800
73700 336900
63900 292100
83400 381200
68000 310800
71700 327400
71400 325900
61300 279700
68600 312900
117200 534400
69900 318700
66000 300900
67000 305400
68100 310400
77800 354400
85400 389000
89500 407600
83400 379800
84100 382900
62500 284500
115500 525700
77800 354100
77300 351700
62400 283800
90700 412500
69100 314200
76100 346000
79900 363200
73700 335000
81900 372200
41700 189500
52600 239000
77100 349800
81400 369300
80300 364200
125900 570700
68200 309100
132600 600900
74200 336200
86700 392800
63900 289500
79600 360500
130400 590300
66100 299200
80200 363000
107700 487300
74200 335600
67800 306600
66400 300200
78300 353900
75800 342600
77800 351500
69500 314000
78800 356000
86600 390900
109400 493700
100800 454800
84800 382500
70700 318900
109000 491500
126100 568600
77800 350800
114600 516600
78600 354300
67700 305100
69100 311400
143700 647500
70800 318900
83500 376000
111400 501500
62300 280400
64400 289800
64900 291900
61900 278400
75600 340000
115700 520000
95900 431000
145600 654300
82500 370700
113600 510300
61600 276700
64700 290600
62100 278900
107700 483600
69500 311900
68000 305000
67400 302200
77100 345600
101300 454000
137700 617100
74300 332900
83500 374100
89100 399100
67500 302300
60300 270000
69400 310700
79700 356800
66500 297700
115100 515200
137600 615900
74200 332100
96500 431900
64200 287300
139400 623800
66800 298900
76000 340000
71600 320200
76100 340200
88800 396800
61900 276500
63400 283200
116000 518100
81200 362600
86200 384900
72300 322800
60500 270100
106600 475900
73800 329400
90800 405200
64700 288700
64600 288200
67900 302800
75300 335700
79400 353800
72700 323800
62300 277400
78000 347200
112800 501900
84900 377700
124100 552000
109600 487300
89400 397400
81900 364000
77700 345200
149800 665500
118200 525100
62800 278900
76300 338600
78600 348700
59500 263900
128200 568600
79600 353000
130100 576700
101800 451000
79300 351300
117600 520800
80900 358100
106900 473100
66100 292500
61000 269900
89300 395100
68200 301700
63700 281700
67300 297400
58600 258900
61800 273000
113100 499400
71500 315700
102000 450300
73600 324900
70000 309000
76800 339000
108200 477600
78400 345900
68100 300400
62900 277400
71200 313800
63900 281600
80000 352500
73400 323400
101400 446700
62200 274000
73000 321500
74200 326700
123700 544600
85700 377200
85300 375400
65700 289100
68400 300900
89700 394600
63500 279300
72300 318000
81600 358900
105200 462600
59400 261200
116600 512700
73100 321400
78500 345100
69000 303200
70200 308400
108000 474400
73900 324600
54600 239800
86300 378900
78500 344600
73500 322500
68400 300100
78300 343500
78300 343500
77100 338200
148000 649200
70100 307400
128200 562100
73600 322700
90700 397600
128400 562800
73600 322600
63700 279100
57100 250100
88300 386700
74900 328000
64400 281800
75700 331200
79100 346000
73700 322100
64000 279700
71700 313300
72800 318100
77000 336400
64700 282600
82900 362000
81000 353700
78400 342300
78100 340900
85500 373200
72800 317700
69000 301100
85300 372200
94200 411000
63400 276600
69500 303100
71300 310900
82000 357500
88400 385400
83700 364800
72100 314200
100300 436900
71200 310100
108500 472500
70800 308200
96300 419200
65800 286300
69800 303700
75800 329800
64000 278400
76100 331000
90200 392200
113200 492200
69400 301700
68500 297600
90300 392300
62300 270600
79800 346600
65000 282300
70900 307900
71600 310900
81400 353400
109000 473200
65500 284200
79100 343100
73400 318300
63000 273200
82400 357300
113200 490800
70500 305600
68300 296000
68600 297300
77000 333700
130100 563400
80700 349400
61900 268000
102100 441900
72500 313300
80000 345700
58000 250600
99600 430300
81800 353300
97600 421500
72300 312200
63700 275000
85900 370800
55400 239100
68600 296000
78900 340400
67200 289900
68800 296800
142800 616000
67900 292900
66400 286400
133200 574400
86600 373400
70900 305700
78700 339300
60100 259100
81400 350900
79400 342200
70400 303400
89700 386500
131500 566600
70500 303700
78000 336000
81000 348800
76500 329400
75200 323800
79900 344000
63900 275100
79400 341800
136900 589200
73800 317500
112500 483800
80400 345700
121500 522200
84600 363600
65000 279300
65000 279300
65700 282200
75900 326000
76300 327700
85200 365900
72700 312200
69200 297100
79200 340000
64000 274700
121400 521000
71000 304700
73100 313700
75200 322700
99800 428200
84200 361200
60700 260300
76100 326300
88800 380700
79100 339100
124500 533700
76800 329200
76900 329600
64900 278100
77700 332900
66200 283600
116600 499400
67600 289500
77900 333500
75800 324500
64000 273800
77400 331100
81000 346400
62600 267700
69500 297200
101800 435300
84400 360800
77300 330400
65300 279100
69800 298300
56300 240600
71400 305100
65300 279000
78100 333600
75100 320700
89000 380000
78300 334300
69200 295400
73500 313700
94000 401100
69700 297400
88300 376700
67800 289200
72600 309600
80600 343700
70500 300600
84200 359000
75800 323000
89900 383000
99900 425600
70700 301200
75200 320200
63200 269100
63600 270800
66000 281000
74600 317600
67700 288200
116000 493800
63900 272000
75200 320000
76800 326700
66600 283300
118100 502300
73200 311300
68200 290000
77000 327400
73500 312400
64600 274300
69200 293800
71100 301800
79300 336600
74400 315800
71200 302200
70000 297100
67600 286900
61300 260100
71600 303800
75400 319900
60600 257100
142900 606200
71700 304100
90100 382100
68600 290900
63000 267100
73400 311000
65000 275400
94500 400300
70400 298200
70400 298200
117500 497700
67200 284600
72000 304900
75900 321400
68700 290900
60600 256600
83100 351800
69000 292000
67000 283500
97300 411700
62300 263600
74000 313100
76400 323200
84700 358300
64500 272800
123000 520200
98300 415700
99000 418600
64700 273500
74400 314500
84300 356300
73800 311900
61100 258200
76200 322000
71700 302900
77600 327800
72300 305400
69700 294400
73100 308700
39100 165100
78900 333100
68400 288700
68000 287000
124000 523300
75400 318200
73000 308000
76900 324400
73800 311300
73900 311700
77400 326400
76500 322600
72200 304400
66800 281600
73300 309000
73600 310100
76100 320600
85500 360200
71800 302400
67300 283400
86300 363400
66000 277900
60800 256000
71600 301400
73600 309800
83700 352300
119100 501200
67500 284000
77200 324800
64400 270900
72200 303700
116800 491000
74700 314000
66700 280300
64800 272300
81200 341200
113300 475800
75200 315700
76900 322800
64900 272400
76700 321900
71700 300900
82900 347900
79200 332300
81400 341500
146000 612400
68600 287700
71700 300700
73900 309900
77700 325800
82300 345000
71000 297600
95900 401900
56700 237600
92500 387600
93600 392200
83000 347700
86200 361100
75100 314600
83000 347600
124600 521700
75900 317700
72700 304300
94800 396800
78400 328100
63300 264900
64400 269500
63900 267400
101900 426400
65600 274500
66700 279100
89100 372800
83200 348100
81800 342200
122700 513200
78400 327900
73100 305700
138100 577500
76000 317800
75000 313600
68800 287600
81800 341900
86500 361500
71100 297100
69700 291200
67600 282400
66100 276100
69600 290700
123400 515400
90600 378000
62800 262000
96600 403000
66500 277400
107000 446300
76100 317300
64000 266800
90200 376000
82700 344700
69100 288000
70800 294900
73400 305700
70200 292300
62400 259800
91300 380000
73800 307100
80100 333300
72800 302900
78600 327000
75400 313600
75400 313500
64700 269000
103000 428200
74500 309700
80100 332900
66400 275800
99800 414500
78600 326400
78800 327200
81200 337100
105800 439200
73600 305500
77400 321200
126000 522600
80700 334700
76900 318900
76800 318400
83700 347000
60500 250800
76400 316600
67400 279200
79500 329300
66000 273300
126400 523400
122400 506800
74200 307200
87900 363800
82600 341800
87100 360400
59600 246600
80700 333900
70200 290400
70400 291200
61800 255600
75200 311000
73000 301900
74500 308100
78200 323400
67000 277000
67000 276900
89700 370700
66400 274400
93100 384700
78400 323900
71800 296600
81400 336200
84500 349000
67000 276700
77900 321600
74800 308800
70300 290200
105900 437000
72900 300800
73700 304100
139800 576700
75400 311000
55400 228500
73000 301000
69100 284900
70100 289000
112800 465000
79300 326800
74300 306100
99300 409000
68200 280900
88600 364800
74900 308300
78500 323100
53500 220200
65100 267900
73900 304100
75800 311800
90000 370200
89200 366700
73900 303700
65300 268300
91500 375800
74400 305500
58400 239700
68100 279500
66800 274100
77500 318000
61600 252700
75600 310100
67500 276800
75000 307500
150400 616600
92700 380000
62400 255700
67100 274900
58900 241300
72600 297400
60200 246500
74100 303400
93900 384400
74700 305700
69100 282700
69100 282700
67400 275700
148300 606600
75300 308000
86400 353400
75700 309600
79300 324300
79800 326300
71100 290700
75400 308200
70300 287300
66000 269700
72400 295800
77300 315800
90500 369700
85800 350500
87300 356600
85600 349600
72700 296900
124500 508400
64800 264600
53000 216400
87400 356800
75000 306000
66700 272100
69300 282600
107800 439600
70500 287400
75800 309000
96900 395000
78100 318200
82800 337300
72100 293700
89300 363700
74500 303400
69400 282600
105800 430700
149700 609200
86500 352000
87000 354000
75600 307500
87000 353800
84300 342800
70900 288200
66700 271100
79700 323900
76800 312100
69000 280400
155100 630000
91100 370000
76600 311100
128800 523100
138800 563600
64200 260600
97600 396100
91500 371300
76400 309900
65700 266400
77900 315800
70800 287000
136500 553300
67600 274000
66500 269500
86200 349300
82600 334700
81600 330600
61600 249500
80400 325600
117200 474600
68800 278600
81900 331600
143000 578900
100100 405200
46900 189800
84800 342900
104200 421300
81400 329000
68200 275600
68400 276400
78700 318000
121400 490500
67400 272200
84100 339600
139500 563300
74300 3e+05
99400 401300
67400 272000
75900 306300
76400 308300
63800 257400
79000 318700
70300 283600
77700 313400
75900 306100
67500 272200
69500 280200
68600 276500
124400 501400
125500 505700
74800 301400
83600 336700
85100 342700
112700 453600
84800 341300
73300 295000
71200 286500
80100 322200
75700 304500
89500 360000
69400 279100
75200 302300
91700 368600
63700 256000
71300 286500
75700 304100
82700 332200
81600 327700
76300 306400
76700 308000
71700 287900
77300 310300
70600 283400
68100 273300
97700 391900
64200 257500
64300 257900
83200 333500
69400 278000
75300 301600
92000 368400
75400 301900
96400 385900
77900 311800
83800 335400
64300 257300
50100 200400
79600 318300
73600 294300
85300 341000
82100 328200
70800 283000
66000 263800
110500 441400
167400 668500
74000 295500
68200 272100
122300 487900
90400 360600
63100 251700
60500 241200
84600 337100
75600 301100
108900 433300
69600 276800
63600 252900
84200 334800
74900 297800
87900 349400
139600 554800
64500 256300
66900 265800
85200 338500
57500 228400
71300 283200
90200 358200
65600 260500
88700 352200
61700 244900
72900 289300
68500 271800
84600 335600
143100 567500
142700 565700
77000 305200
70100 277800
70000 277400
130800 518300
71400 282900
76500 303100
77800 308200
82100 325200
75200 297700
47600 188200
75200 297300
72200 285400
74100 292900
65600 259300
93400 369000
64400 254400
65800 259900
71300 281600
70800 279500
73100 288500
54300 214300
75200 296600
51800 204200
76500 301500
87900 346400
64700 254900
80600 317500
102100 402100
62200 244900
87900 346000
116000 456600
79600 313300
85800 337700
76400 300700
77300 304200
80400 316200
76400 300400
73400 288200
109800 431100
70100 275200
157600 618400
62900 246800
64100 251500
64000 251000
76700 300700
101700 398700
76100 298200
90400 354200
61800 242100
95000 372100
60100 235400
135500 530700
69500 272200
88100 345000
74000 289500
106700 417200
99800 390200
68600 268200
88800 347100
82000 320400
68000 265600
98800 385900
132700 518200
68700 268200
88100 343900
78500 306400
109500 427300
71300 278200
66900 261000
85600 333900
70100 273400
80500 313900
83900 327000
60100 234200
146900 572400
75200 293000
126400 492400
62200 242300
76200 296800
71100 276800
77400 301100
87300 339500
58800 228600
67500 262400
116000 450800
62300 242100
69800 271200
73400 285100
73900 287000
63400 246200
71300 276800
64800 251500
73100 283700
73100 283500
85400 331200
55600 215600
64800 251200
67800 262800
70100 271600
86400 334700
84800 328500
71300 276200
71800 278100
72400 280300
98800 382300
87400 337800
68900 266200
72300 279300
74300 287000
95600 368900
77000 297100
78200 301700
72700 280400
74400 286800
61900 238600
63800 245900
79900 307800
77500 298500
98100 377800
67700 260700
73300 282200
54300 209000
70100 269700
62800 241600
68000 261600
71800 276000
64500 247800
101900 391400
85300 327600
64600 248100
64500 247700
72100 276800
73500 282000
94600 362800
79300 304000
128800 493700
155700 596700
87800 336400
88100 337400
69700 266900
74200 284100
87000 333100
63000 241200
92700 354700
103800 396900
73600 281400
72000 275200
72200 275900
71900 274600
80500 307400
105800 403900
74100 282700
76200 290700
69500 265100
65700 250500
76700 292300
64800 246900
65700 250300
77400 294800
68100 259300
66700 253900
127600 485700
79500 302600
71200 270600
58000 220400
66900 254200
76700 291400
153500 583100
61300 232600
80000 303500
63100 239300
70100 265800
116800 442800
107500 407500
60700 230000
88600 335700
12700 48100
73000 276200
75900 287000
63400 239600
66900 252800
65700 248200
134000 506200
129900 490500
136600 515700
79500 300100
71800 270900
49900 188200
81600 307700
77100 290600
75200 283300
81000 305000
71700 269900
72900 274300
67100 252400
79900 300500
77800 292400
65600 246500
93400 350900
67800 254600
65300 245200
63400 237700
117900 442000
63600 238400
60200 225600
61700 231200
90700 339800
115200 431400
67900 253600
65200 243500
78400 292700
124300 464000
75800 282900
86000 320800
60300 224900
98800 368300
61900 230700
84100 313000
67400 250800
83400 310300
136100 506200
121000 449800
61600 228900
62200 231100
77100 286300
68000 252500
76200 282900
71600 265800
62100 230500
97900 363200
82600 306400
72200 267700
101700 376800
130800 484600
71000 263000
65000 240700
57800 214000
76900 284700
73300 271200
106900 395300
109200 403800
72000 266200
74800 276500
71800 265400
79100 292300
69000 254900
58200 215000
107700 397600
65300 240900
110500 407600
85700 316100
54800 202100
99600 367200
62600 230700
79700 293600
69100 254500
72300 265900
89300 328100
86500 317800
55200 202800
78700 288900
74500 273400
76800 281800
62400 228900
61900 227000
68200 250000
116000 425100
48700 178400
65700 240600
70100 256700
70900 259600
72900 266900
61000 223000
83900 306700
41100 150200
63400 231400
98500 359400
58800 214500
66400 242200
86200 314400
57400 209300
64900 236600
64600 235500
66500 242200
80700 293900
71400 260000
130500 475200
67100 244300
72500 263900
68400 248900
68500 249000
76400 277600
131900 479200
71300 259000
60900 221100
61900 224700
70900 257200
97400 353200
65500 237500
63500 230200
76500 277300
65500 237400
94100 341000
97000 351200
63700 230600
62300 225400
71100 257100
87700 316900
72000 260100
66300 239500
75000 270800
58000 209400
64800 233900
49900 180100
89200 321700
67500 243400
59900 215700
72900 262500
51100 183900
69100 248600
66200 238100
66800 240100
88600 318400
66800 240000
72400 260000
130900 469800
65200 234000
52100 186900
84800 304100
41500 148800
60000 215100
75400 270300
83400 298700
63000 225600
89000 318700
132800 475500
80500 288100
71900 257300
61900 221500
92600 330900
61400 219200
81700 291600
72500 258600
66700 237900
68300 243600
82400 293700
73100 260300
92900 330600
54700 194600
70900 252200
70300 250000
64400 229000
71100 252700
65800 233800
80300 285200
92100 327000
58000 205900
93900 333300
105400 374100
86200 305900
75300 266900
74400 263400
66500 235300
124500 440400
77700 274700
66400 234700
65100 230100
87500 309200
80200 283300
73500 259600
66000 233100
77300 273000
59700 210800
77600 273900
71100 250800
67700 238700
86200 303900
64600 227500
46600 164000
66400 233600
121000 425200
84300 296100
69300 243400
69900 245500
80200 281500
63400 222500
69900 245300
32600 114400
100600 353000
62700 220000
75700 265400
86500 303200
71200 249500
71700 251200
71800 251200
74600 260900
53600 187300
74000 258300
67400 235200
62300 217400
58100 202700
127800 445400
78600 273800
80800 281400
66100 229900
70000 243300
74900 260300
47000 163200
72600 251900
78700 272900
92700 321300
69000 239100
71500 247700
55600 192600
79200 274200
74600 258200
73400 253900
97900 338400
67000 231500
60900 210400
82800 286000
83100 287000
63200 218100
78100 269400
96400 332300
69600 239900
68200 235000
71500 246300
66800 230000
39500 136000
106700 367200
78200 269100
89000 306200
66400 228200
112400 386200
65000 223200
100600 345200
69800 239400
63900 219100
64700 221800
57900 198400
66500 227800
67800 232200
53600 183500
67100 229700
94800 324500
47500 162400
55600 190000
50400 172200
89700 306400
63900 218200
54500 186000
44100 150500
46600 159000
67300 229400
49500 168700
71700 244300
75000 255400
59400 202200
80200 273000
67600 230100
71100 241800
76800 261100
71800 244100
84800 288200
114000 387000
79800 270800
55700 189000
107600 364900
91500 310300
69300 235000
48100 163100
70700 239700
82700 280200
71600 242500
79900 270600
88200 298700
51900 175700
58500 198000
59800 202200
66900 226100
79300 267900
62500 211100
94300 318300
80600 272000
52000 175400
85200 287300
97700 329100
73000 245800
107100 360600
80700 271600
80000 269200
69900 235200
65100 219000
69200 232700
70200 236000
149100 501200
69500 233600
85400 287000
74100 249000
44600 149800
74000 248400
62200 208600
75100 251800
72300 242400
84100 281900
117100 392500
39900 133700
70800 237100
69100 231400
71800 240400
69300 232000
166800 558200
51000 170600
102400 342400
55400 185200
62000 207200
92700 309700
94000 313900
78000 260300
52200 174100
77700 259000
86100 287000
117300 390900
60000 199900
72700 242200
77400 257800
77500 257900
75600 251400
85800 285300
59800 198800
42000 139600
64700 215000
65600 217900
61900 205600
83700 277700
77200 256000
70900 235100
51100 169400
78200 259000
65200 215900
71500 236700
49800 164800
68600 226800
79800 263700
51600 170500
84200 278200
97100 320800
68600 226600
65200 215200
68000 224400
80700 266300
71500 235900
38500 127000
72900 240300
61700 203300
68300 225000
98900 325800
72400 238400
70100 230700
88200 290200
71000 233400
71500 235000
67800 222800
56700 186300
43100 141600
52200 171400
115800 380000
61600 202100
60300 197700
73000 239200
90500 296400
80700 264200
69100 226000
43700 142900
61900 202300
84300 275500
95600 312400
50500 165000
62500 204200
54800 179000
73600 240400
29900 97600
66900 218300
116400 379800
55800 181900
88400 287900
79900 260200
70200 228200
48300 157000
68800 223600
73600 239000
51000 165500
79200 257000
72800 236200
104300 338300
68000 220500
62100 201300
57700 187000
77000 249500
47100 152600
63300 204900
64700 209400
41100 133000
70800 229100
64600 209000
66400 214800
50700 164000
49500 160100
56800 183700
43200 139700
64600 208800
77700 251000
50600 163400
64600 208400
68300 220200
66600 214700
46300 149100
41900 134900
87600 281900
62000 199500
64000 205900
83000 267000
33700 108400
48500 156000
40200 129300
62600 201300
80000 257200
112100 360100
69300 222500
84500 271300
68500 219900
27500 88200
50200 161000
59000 189200
65600 210300
44800 143600
84500 270800
58800 188400
51000 163400
57000 182600
65900 211100
76400 244600
55200 176700
58500 187200
51600 165100
45300 144900
48400 154800
71200 227700
60700 194100
41600 133000
82300 263100
52400 167500
68400 218600
62600 2e+05
70300 224600
30800 98400
76100 243100
50400 161000
41400 132200
58400 186300
84500 269500
61300 195500
81500 259700
23700 75500
51300 163400
89700 285600
82000 261000
59600 189700
49300 156900
71000 225900
81000 257700
33400 106200
134600 427900
55700 177000
66400 211000
49000 155700
75700 240400
69600 221000
50300 159700
65800 208800
30100 95500
63500 201400
52400 166100
71300 226000
66000 209200
73100 231700
73800 233900
71700 227200
72900 231000
110900 351100
62900 199100
69500 219900
66700 211000
71100 224900
50900 161000
54300 171700
41000 129600
74000 233900
43700 138100
56200 177600
64000 202200
63000 199000
62700 198000
50000 157800
42900 135300
53000 167100
36200 114100
82500 260000
55900 176100
51000 160600
49100 154600
62100 195400
48500 152600
45800 144100
43400 136400
57400 180400
50700 159300
60500 190000
44300 139100
91800 288100
68400 214600
70800 222100
66700 209200
65000 203800
79000 247600
59900 187700
45700 143200
49800 156000
62800 196700
84000 263000
20700 64800
67100 210000
43000 134500
69800 218300
72300 226000
27900 87200
27900 87200
64500 201500
70000 218600
60600 189200
46300 144400
77500 241700
41300 128800
69200 215700
48100 149900
72300 225200
49200 153200
55200 171800
98000 304900
63900 198600
64100 199200
91600 284300
49000 152000
33400 103600
45300 140500
78000 241900
47500 147300
56000 173600
50500 156500
39600 122700
47800 148100
55000 170400
36800 114000
53600 166000
46600 144300
82600 255700
58900 182300
87600 271100
54700 169200
67600 209100
111200 343900
66900 206800
85900 265500
83900 259200
56000 173000
44800 138400
77900 240600
65000 200700
56000 172900
77400 238900
74000 228400
41000 126500
127800 394300
50500 155800
81600 251700
46900 144600
75800 233700
51300 158100
67300 207400
24500 75500
67400 207700
55400 170700
49400 152200
54400 167600
88000 271100
81700 251600
66800 205700
46300 142500
28300 87100
67500 207700
48400 148900
57500 176800
68800 211500
45200 138900
93900 288400
63800 195900
60000 184200
62100 190600
40500 124300
67700 207700
69500 213200
72800 223300
66900 205200
65600 201200
39300 120500
53400 163700
47900 146800
46700 143100
91200 279400
57100 174900
27400 83900
66100 202400
99700 305100
57300 175300
62400 190900
45600 139500
61900 189300
48500 148300
69800 213300
32300 98700
48800 149100
48000 146500
65600 200200
50300 153500
48600 148300
45100 137600
30000 91500
30000 91500
68200 208000
48500 147900
53700 163700
44900 136800
49300 150200
32300 98400
52300 159300
52500 159900
46200 140700
31400 95600
62400 189900
48700 148200
50100 152400
51600 156900
61600 187200
78300 237900
31900 96900
45200 137300
98200 298200
63000 191300
49800 151200
62600 189900
24900 75500
32100 97300
130200 394600
45400 137500
31600 95700
28700 86900
89700 271600
75600 228800
47900 144900
32200 97400
51100 154500
76500 231200
59000 178300
47100 142300
62800 189600
40000 120700
61500 185400
62800 189300
71600 215800
62000 186700
45100 135800
37500 112900
69800 210100
49000 147400
27900 83900
42200 126900
60300 181300
78900 237000
27900 83800
58000 174200
34700 104200
38300 115000
49500 148600
50900 152800
64700 194200
55300 165900
74100 222300
69600 208800
47200 141600
56100 168300
32700 98100
69200 207500
50500 151400
50100 150100
62100 186000
49800 149100
79100 236700
50900 152300
50500 151100
62600 187300
77300 231200
87100 260500
94400 282100
87600 261700
39800 118900
51600 154100
50400 150500
42500 126900
99000 295500
42500 126800
54100 161400
113300 338000
64000 190900
57600 171800
64600 192600
64300 191700
83400 248600
78600 234200
78400 233600
60000 178700
58500 174200
71000 211400
52900 157500
41800 124400
29200 86900
57200 170200
28500 84800
28500 84800
80000 238000
68000 202200
44800 133200
80800 240200
52600 156300
58200 172900
75300 223700
43200 128200
61300 181900
51200 151900
74600 221300
47200 140000
49100 145600
17200 51000
60100 178200
42800 126900
79500 235700
28300 83900
56200 166600
53700 159100
45300 134200
47100 139500
56600 167600
28300 83800
69300 205200
59400 175800
63100 186700
50600 149700
71200 210600
40000 118300
55100 162900
51500 152200
47800 141200
86900 256700
66400 196100
51200 151200
57500 169800
67400 199000
63400 187100
65900 194400
45900 135400
58000 171000
54100 159500
53700 158300
86100 253700
46400 136700
59200 174400
73700 217100
57100 168200
67900 2e+05
47600 140200
45700 134600
42600 125400
79600 234300
47600 140100
57800 170100
29600 87100
50400 148300
32600 95900
51300 150800
76100 223700
64300 189000
75800 222800
77700 228300
73800 216700
49600 145600
53400 156700
60200 176600
66900 196100
55200 161800
53600 157100
53200 155900
60200 176400
49500 145000
49100 143800
45900 134400
53700 157200
59200 173300
48000 140500
52800 154500
32400 94800
81000 237000
31000 90700
80700 236100
45500 133100
55800 163200
70300 205600
50200 146800
59200 173100
83600 244400
49400 144400
72100 210700
69900 204200
77100 225200
28700 83800
52500 153200
88900 259300
77300 225400
48300 140800
64000 186500
64700 188500
43800 127600
55200 160800
80800 235300
48600 141500
72900 212200
43000 125100
45000 130900
62100 180600
52500 152600
66700 193800
82400 239400
53800 156300
59000 171400
49400 143500
56500 164100
65900 191400
81500 236700
48000 139400
97000 281600
51400 149200
52400 152100
55300 160500
46900 136100
65100 188900
50500 146500
41000 118900
72500 210200
63100 182900
56100 162600
44900 130100
65200 188900
47800 138400
52500 152000
52900 153100
83800 242500
22400 64800
22400 64800
65700 190000
33900 98000
85000 245600
47800 138100
52700 152200
70000 202100
52200 150700
53100 153200
51900 149700
76700 221200
47100 135800
52000 149900
11000 31700
71000 204600
79000 227600
81600 235000
67400 194100
75600 217700
46400 133600
62700 180500
68600 197400
54700 157400
49600 142700
49400 142100
67900 195300
71100 204500
51200 147200
50100 144000
64900 186500
75000 215500
91100 261700
55500 159400
57800 166000
52200 149900
58400 167700
77600 222800
81300 233400
70400 202100
71300 204600
48900 140300
58300 167200
18900 54200
52700 151100
69900 200400
63800 182900
63900 183100
46400 132900
51300 146900
54700 156600
57500 164600
49300 141100
65700 188000
174400 499000
86400 247100
75500 215900
47700 136400
54700 156400
49000 140100
46800 133800
72200 206400
52300 149500
52700 150600
53300 152300
57400 164000
56000 160000
46600 133100
47000 134200
65500 186900
62000 176900
71500 204000
32000 91300
51000 145500
42800 122100
64500 184000
34500 98300
52100 148400
53300 151800
60500 172300
65000 185100
56300 160300
73900 210400
63000 179300
51200 145700
44700 127200
58900 167600
67200 191200
61300 174400
51500 146500
64000 182000
61900 176000
66300 188500
72600 206400
44300 125900
69300 196900
68900 195700
46700 132600
55500 157500
78000 221300
50300 142700
59800 169600
65000 184300
84200 238700
43900 124400
45700 129500
52100 147600
42700 120900
29600 83800
50600 143200
50000 141500
60400 170900
50800 143700
51900 146800
49900 141100
54500 154000
49900 141000
54800 154800
55300 156200
51200 144600
48300 136400
80000 225900
50900 143700
74000 208900
74700 210700
61300 172800
45200 127400
47100 132700
23000 64800
52000 146500
79900 225100
46200 130100
72700 204700
85000 239300
56300 158500
52500 147800
64900 182700
51800 145700
57500 161600
48500 136300
50600 142200
55200 155100
52900 148600
73900 207500
53600 150400
75200 211000
46600 130700
48000 134600
43700 122500
68300 191400
54100 151600
54200 151700
57500 160900
53000 148300
107100 299600
46700 130600
48100 134500
42700 119400
47000 131400
47400 132500
66100 184700
65800 183800
64700 180700
61300 171200
45300 126500
64500 180100
79300 221400
68900 192300
47800 133400
61100 170500
51000 142300
46100 128600
15600 43500
50400 140500
45900 127900
68800 191700
51800 144300
62800 174900
58600 163200
56100 156200
39800 110800
80500 224100
72400 201400
52200 145200
49400 137400
53500 148800
58700 163200
43200 120100
45300 125900
47300 131400
52500 145800
48400 134400
43900 121900
51400 142700
35500 98500
46500 129000
57900 160600
71100 197200
77600 215100
56000 155200
50300 139400
54900 152100
56200 155700
67300 186400
56700 157000
49300 136500
35200 97400
48000 132800
71800 198600
58500 161800
76200 210700
90200 249400
74000 204600
71300 197100
80500 222500
52400 144800
44700 123500
53300 147200
66300 183100
51700 142700
60400 166700
53500 147600
64500 177900
50600 139500
53400 147200
71700 197600
59300 163400
55100 151800
61200 168600
56100 154500
52600 144800
66900 184100
56800 156300
75300 207200
61500 169200
41200 113300
51100 140500
45500 125100
64500 177200
35200 96700
48900 134300
48400 132900
59400 163100
74700 205100
50700 139200
70500 193500
63800 175100
52400 143800
52700 144600
40200 110300
56200 154200
71800 197000
51800 142000
68700 188200
49500 135600
44500 121900
74000 202700
54400 149000
77900 213300
51300 140400
53500 146400
42000 114900
75400 206000
57000 155700
70000 191200
50600 138200
79900 218200
62800 171500
50100 136800
52300 142800
59800 163200
57000 155400
34700 94600
57200 155900
56800 154800
72800 198400
55200 150400
83500 227500
47400 129100
51700 140800
52600 143200
59700 162500
65400 178000
52800 143700
57700 156900
75700 205800
57200 155500
50900 138300
69600 189100
48000 130400
68800 186900
55900 151800
45700 124100
46000 124900
90900 246800
54800 148700
49200 133500
51600 140000
52200 141600
51100 138600
46200 125300
51800 140400
57900 156900
56800 153900
72700 196900
48300 130800
68700 186000
78200 211700
52200 141300
62200 168300
46300 125200
44600 120600
28000 75700
28000 75700
28000 75700
28000 75700
28000 75700
28000 75700
53200 143800
55200 149200
38700 104600
53500 144600
30900 83500
67800 183200
25800 69700
45200 122100
63200 170700
64800 175000
63400 171200
50300 135800
59900 161700
55900 150800
59200 159700
52900 142700
52900 142700
34000 91700
26400 71200
79400 214100
51600 139100
57500 155000
61000 164400
76000 204800
73200 197200
62700 168900
56700 152700
69400 186900
53000 142700
49600 133500
30100 81000
64300 173000
68500 184200
19900 53500
75400 202700
75700 203500
57900 155600
81900 220000
42700 114700
57600 154700
49300 132400
9200 24700
59000 158400
48700 130700
45200 121200
52900 141800
68500 183600
59400 159200
49000 131300
50500 135300
59200 158600
54200 145200
67800 181600
63600 170200
52700 141000
53000 141800
61600 164800
49500 132400
91500 244700
81500 217900
57200 152900
64100 171300
56400 150700
53900 144000
63200 168800
54300 145000
20300 54200
45300 120900
47100 125700
43100 115000
31300 83500
59200 157900
70800 188800
60500 161300
52500 139900
47400 126300
67100 178700
84100 223900
35800 95300
48400 128800
63000 167600
45900 122100
30600 81400
74100 197100
69400 184400
79900 212200
48700 129300
51700 137200
58300 154700
55000 145900
52100 138200
44800 118800
48500 128600
61700 163600
49600 131500
59600 158000
74100 196400
61500 163000
49600 131400
62100 164500
50800 134500
30600 81000
55900 147900
49600 131200
53700 142000
63100 166800
57500 151900
49200 129900
26400 69700
67800 179000
58800 155200
40100 105800
27000 71200
56100 147900
35200 92800
55100 145200
50700 133600
51700 136200
82600 217600
56600 149100
20600 54200
58000 152600
20300 53400
59000 155200
67600 177800
48900 128600
53200 139900
72800 191400
50600 133000
75400 198100
82800 217400
63300 166200
52600 138100
55800 146500
63200 165900
56800 149100
56200 147500
53000 139100
57800 151600
94900 248700
79700 208700
61800 161800
53600 140300
61600 161100
98600 257800
53600 140100
47100 123100
74800 195400
49200 128500
82100 214400
63800 166600
55200 144100
59500 155300
59700 155800
70500 183900
65800 171600
64300 167600
107800 280800
63600 165600
70000 182200
52200 135800
54200 141000
56100 145800
80000 207900
58800 152800
54300 141100
62500 162400
30400 78900
73600 191000
63700 165300
60600 157200
56400 146300
56800 147300
59000 153000
56200 145700
51200 132700
82900 214800
51100 132400
59800 154900
91400 236600
47100 121900
56800 147000
64700 167400
69600 180000
30900 79900
30900 79900
30900 79900
42000 108600
55500 143500
54800 141600
72100 186200
31100 80300
50900 131400
53900 139100
56000 144400
59300 152900
57600 148500
53600 138100
58300 150200
55400 142700
61500 158300
16900 43500
57700 148500
52500 135100
74000 190400
52500 134900
72000 185000
58700 150800
98600 253300
53100 136400
66300 170300
55300 142000
74000 189900
71000 182200
79500 204000
32700 83900
69000 177000
52800 135400
67000 171800
65600 168200
47900 122800
45300 116100
65000 166500
73700 188700
56800 145400
86300 220800
63600 162700
66300 169600
78200 2e+05
57100 146000
68500 175100
76100 194500
43600 111400
30300 77400
51100 130500
63400 161900
68400 174500
58400 148900
53800 137100
76300 194400
60500 154100
30400 77400
30400 77400
59200 150700
30600 77800
59400 151000
34200 86900
75100 190800
48100 122200
77600 197100
40900 103800
53600 136000
59400 150700
50300 127600
88500 224500
59300 150400
21100 53500
73700 186700
73900 187200
45400 115000
60900 154200
37900 95900
30600 77400
30600 77400
30600 77400
30600 77400
66500 168200
59900 151500
68400 172900
26200 66200
82800 209200
84000 212100
56200 141800
63300 159700
80900 204100
91200 229900
55300 139400
44200 111400
61600 155000
65100 163800
53000 133300
63900 160600
30200 75900
71800 180400
72100 181100
62000 155700
30400 76300
62000 155600
54200 136000
88400 221800
34400 86300
68500 171800
63000 157900
49500 124000
63600 159300
50200 125700
63400 158700
74600 186700
53400 133600
61100 152800
64100 160300
78800 197000
58900 147200
57900 144700
30400 75900
30400 75900
30400 75900
30400 75900
37300 93100
37300 93100
37300 93100
37300 93100
83000 207100
66900 166800
60000 149400
91000 226500
73100 181900
101800 253100
66800 165900
57600 142900
28100 69700
60200 149200
71700 177700
77500 191700
57100 141200
48600 120100
84600 209000
59100 146000
56900 140500
26000 64200
56700 140000
64000 157900
77600 191300
48800 120100
18700 46000
16100 39600
16100 39600
64200 157900
78900 194000
62000 152400
80800 198600
59200 145500
92900 228300
93000 228500
84000 206300
25500 62600
53900 132300
60100 147500
69800 171300
58400 143300
40400 99000
40100 98200
53400 130700
65800 160600
71700 174900
71100 173400
39900 97300
68900 167800
68700 167300
42800 104200
48000 116800
65100 158400
34500 83900
93400 227100
74600 181300
53700 130400
49800 120900
45900 111400
51400 124700
54900 133000
64700 156700
63500 153700
64700 156600
75100 181400
55400 133800
62100 149800
88500 213400
57100 137600
58200 140200
65300 157300
69500 167300
94200 226700
52900 127300
72200 173700
149700 360000
58500 140500
27600 66200
67000 160700
64600 154900
44600 106900
43500 104200
53000 126900
65200 156100
81500 195000
71600 171300
61700 147600
57200 136700
39000 93100
55300 132000
58900 140500
51500 122700
65400 155700
60800 144600
60800 144600
76700 182400
52900 125700
59900 142200
42000 99700
26000 61700
59800 141900
26900 63700
61800 146300
59500 140800
54300 128400
26100 61700
69400 164000
61700 145800
55100 130200
58500 138200
43600 102900
54500 128500
89200 210300
56500 133100
60100 141500
39600 93100
39600 93100
76600 180000
73500 172700
27500 64600
67200 157800
65200 153000
89700 210400
57600 135000
61400 143600
60200 140700
55800 130300
78800 183900
58800 137200
66500 155000
74900 174500
46100 107400
78600 182800
51300 119300
43600 101000
80600 186700
40200 93100
40200 93100
54700 126600
81500 188600
59300 137100
53200 122900
59200 136700
87000 200800
55300 127600
60100 138600
17000 39200
63900 147300
84100 193700
52200 120200
76400 175900
108200 248800
60900 140000
59500 136600
69300 158600
66900 153000
59100 135100
39000 89100
44400 101200
53600 122000
57600 131000
99200 225400
57100 129600
24600 55800
47800 108400
62400 141400
53600 121400
51900 117400
61000 137900
66600 150500
24700 55800
24700 55600
24700 55600
86300 194100
77200 173600
88300 198300
56500 126700
24900 55800
73100 163500
78400 175200
86300 192500
63700 141800
73600 163600
92600 205600
97300 216000
84500 187400
40200 89100
24600 54500
25200 55800
80800 178800
93700 207100
52400 115700
42300 93300
52500 115600
53300 117300
89300 196400
24700 54100
24700 54100
24700 54100
24700 54100
24700 54100
24700 54100
24700 54100
59400 129800
24700 53900
24700 53900
60600 132100
38800 84400
38800 84400
61100 132600
24600 53300
57400 124300
95000 205100
58100 125100
24600 52900
65400 140000
24200 51600
24200 51600
24200 51600
24200 51600
24400 52000
92200 196400
24200 51400
60500 128500
58600 124200
63900 134400
24600 51600
24600 51600
24600 51600
87300 182800
70800 148200
23000 48100
53800 112500
24700 51600
24700 51600
47300 98800
69600 145200
59000 122900
57100 118900
56100 116700
66400 137800
24400 50400
106700 220300
63800 130200
24600 50100
70100 142500
70500 143300
24200 48900
24200 48900
24200 48900
75400 152100
99900 197400
80900 159400
63200 119900
106100 199600
88000 163600
58100 107400
105500 183100
87000 135600
35200 52100
10000 12700
61700 69800
